1.000000000000000000e+00 -1.000000000000000021e-03
9.999383162408302939e-01 -1.519177591797589476e-03
9.997532801828658000e-01 -3.071479414181120179e-03
9.994449374809850628e-01 -5.641294126360574604e-03
9.990133642141357795e-01 -9.202873086276076864e-03
9.984586668665640374e-01 -1.372073062911149596e-02
9.977809823015399981e-01 -1.915019433793025902e-02
9.969804777275899088e-01 -2.543809542170739207e-02
9.960573506572389935e-01 -3.252358682173824012e-02
9.950118288582787685e-01 -4.033907441123137094e-02
9.938441702975688852e-01 -4.881124467807022166e-02
9.925546630773869339e-01 -5.786217062447302634e-02
9.911436253643444161e-01 -6.741047631064109313e-02
9.896114053108828745e-01 -7.737253953654368854e-02
9.879583809693737173e-01 -8.766371161313858684e-02
9.861849601988383895e-01 -9.819953303057406269e-02
9.842915805643155380e-01 -1.088969240868983279e-01
9.822787092288990385e-01 -1.196753301896778393e-01
9.801468428384715326e-01 -1.304578025697858135e-01
9.778965073991651158e-01 -1.411719965292630996e-01
9.755282581475768211e-01 -1.517510710545176833e-01
9.730426794137726487e-01 -1.621344756266345777e-01
9.704403844771127829e-01 -1.722686123112587009e-01
9.677220154149337450e-01 -1.821073636655636818e-01
9.648882429441256736e-01 -1.916124796097124217e-01
9.619397662556434803e-01 -2.007538191226592161e-01
9.588773128419905145e-01 -2.095094453831603809e-01
9.557016383177225904e-01 -2.178655757318701536e-01
9.524135262330097884e-01 -2.258163905254884918e-01
9.490137878803078797e-01 -2.333637075365555258e-01
9.455032620941840049e-01 -2.405165309731058243e-01
9.418828150443467884e-01 -2.472904864048466045e-01
9.381533400219317365e-01 -2.537071548454153946e-01
9.343157572190956550e-01 -2.597933209175129488e-01
9.303710135019718219e-01 -2.655801513893401022e-01
9.263200821770462001e-01 -2.711023213934254938e-01
9.221639627510075377e-01 -2.763971063064261657e-01
9.179036806841351925e-01 -2.815034575718301513e-01
9.135402871372809708e-01 -2.864610806853343239e-01
9.090748587125118130e-01 -2.913095331409349398e-01
9.045084971874737256e-01 -2.960873593677591509e-01
8.998423292435453469e-01 -3.008312785934769695e-01
8.950775061878452066e-01 -3.055754401763791095e-01
8.902152036691648451e-01 -3.103507592872563059e-01
8.852566213878947377e-01 -3.151843439315724638e-01
8.802029828000155209e-01 -3.200990222238344618e-01
8.750555348152297963e-01 -3.251129766046396696e-01
8.698155474893048966e-01 -3.302394893741627535e-01
8.644843137107058872e-01 -3.354868015526593084e-01
8.590631488815945183e-01 -3.408580847182230422e-01
8.535533905932737309e-01 -3.463515231630157065e-01
8.479563982961570989e-01 -3.519605014984201197e-01
8.422735529643443630e-01 -3.576738907712252447e-01
8.365062567548866568e-01 -3.634764242677178125e-01
8.306559326618260242e-01 -3.693491525167493794e-01
8.247240241650917181e-01 -3.752699655876916007e-01
8.187119948743448727e-01 -3.812141696402453483e-01
8.126213281678525968e-01 -3.871551038397825772e-01
8.064535268264882983e-01 -3.930647832171331735e-01
8.002101126629421746e-01 -3.989145528318130962e-01
7.938926261462364575e-01 -4.046757386920591948e-01
7.875026260216393403e-01 -4.103202812865681115e-01
7.810416889260654028e-01 -4.158213382780202028e-01
7.745114089990658979e-01 -4.211538438775865312e-01
7.679133974894984949e-01 -4.262950136376055243e-01
7.612492823579743995e-01 -4.312247848362638636e-01
7.545207078751856589e-01 -4.359261842490639860e-01
7.477293342162038003e-01 -4.403856168692675821e-01
7.408768370508577172e-01 -4.445930710128840890e-01
7.339649071302868366e-01 -4.485422371809787978e-01
7.269952498697733745e-01 -4.522305400101505057e-01
7.199695849279575954e-01 -4.556590845781653965e-01
7.128896457825363298e-01 -4.588325202042521367e-01
7.057571793025544382e-01 -4.617588266526862495e-01
6.985739453173903657e-01 -4.644490292770984685e-01
6.913417161825449186e-01 -4.669168510980569176e-01
6.840622763423389596e-01 -4.691783110588043093e-01
6.767374218896285987e-01 -4.712512787292703620e-01
6.693689601226457953e-01 -4.731549965076902176e-01
6.619587090990747269e-01 -4.749095808890291259e-01
6.545084971874737256e-01 -4.765355146224635741e-01
6.470201626161520281e-01 -4.780531415650169924e-01
6.394955530196146931e-01 -4.794821757594616152e-01
6.319365249826864872e-01 -4.808412357320934749e-01
6.243449435824274252e-01 -4.821474142355831605e-01
6.167226819279527650e-01 -4.834158926745727447e-01
6.090716206982712544e-01 -4.846596082723225729e-01
6.013936476782563156e-01 -4.858889806946496970e-01
5.936906572928624115e-01 -4.871117033751560244e-01
5.859645501397048317e-01 -4.883326032181252718e-01
5.782172325201154761e-01 -4.895535707291190364e-01
5.704506159687913192e-01 -4.907735609755918271e-01
5.626666167821521292e-01 -4.919886641481739376e-01
5.548671555455225723e-01 -4.931922429142289177e-01
5.470541566592571625e-01 -4.943751322637630063e-01
5.392295478639225204e-01 -4.955258961763012726e-01
5.313952597646567355e-01 -4.966311342153371666e-01
5.235532253548214054e-01 -4.976758301100915882e-01
5.157053795390641460e-01 -4.986437335340274113e-01
5.078536586559103672e-01 -4.995177656525747745e-01
5.000000000000001110e-01 -5.002804386005179627e-01
4.921463413440896884e-01 -5.009142788690122972e-01
4.842946204609359095e-01 -5.014022446343475714e-01
4.764467746451786501e-01 -5.017281273412815823e-01
4.686047402353433755e-01 -5.018769283537329873e-01
4.607704521360775907e-01 -5.018352021907864779e-01
4.529458433407428375e-01 -5.015913587575898669e-01
4.451328444544774277e-01 -5.011359180362685573e-01
4.373333832178478708e-01 -5.004617118952022770e-01
4.295493840312086808e-01 -4.995640289769529008e-01
4.217827674798846349e-01 -4.984407000046312541e-01
4.140354498602952238e-01 -4.970921222709345777e-01
4.063093427071377550e-01 -4.955212235101949525e-01
3.986063523217437399e-01 -4.937333667683816985e-01
3.909283793017287456e-01 -4.917361992466623977e-01
3.832773180720473460e-01 -4.895394493701654137e-01
3.756550564175726303e-01 -4.871546774963356752e-01
3.680634750173136238e-01 -4.845949867011900558e-01
3.605044469803853624e-01 -4.818747009445402685e-01
3.529798373838480829e-01 -4.790090185986858873e-01
3.454915028125262744e-01 -4.760136498150613349e-01
3.380412909009252731e-01 -4.729044464905584055e-01
3.306310398773543713e-01 -4.696970336750237451e-01
3.232625781103714013e-01 -4.664064511339574559e-01
3.159377236576610404e-01 -4.630468134506373068e-01
3.086582838174550814e-01 -4.596309965294127498e-01
3.014260546826097453e-01 -4.561703576605928290e-01
2.942428206974456728e-01 -4.526744954452640579e-01
2.871103542174636702e-01 -4.491510548769569455e-01
2.800304150720424601e-01 -4.456055817609104186e-01
2.730047501302266255e-01 -4.420414294477980066e-01
2.660350928697133299e-01 -4.384597195959552551e-01
2.591231629491423938e-01 -4.348593573843585469e-01
2.522706657837961997e-01 -4.312371003082133836e-01
2.454792921248143966e-01 -4.275876784301189115e-01
2.387507176420255450e-01 -4.239039627615415751e-01
2.320866025105017272e-01 -4.201771773392303233e-01
2.254885910009341576e-01 -4.163971495644823162e-01
2.189583110739347083e-01 -4.125525925123081916e-01
2.124973739783607707e-01 -4.086314122115381475e-01
2.061073738537634870e-01 -4.046210323612124404e-01
1.997898873370579920e-01 -4.005087285944451403e-01
1.935464731735117572e-01 -3.962819642353009320e-01
1.873786718321474032e-01 -3.919287195196617946e-01
1.812880051256551828e-01 -3.874378064656036624e-01
1.752759758349082264e-01 -3.827991619761132447e-01
1.693440673381740869e-01 -3.780041123265630021e-01
1.634937432451133432e-01 -3.730456029165874487e-01
1.577264470356556925e-01 -3.679183880329247591e-01
1.520436017038428456e-01 -3.626191763549836966e-01
1.464466094067262691e-01 -3.571467290146280171e-01
1.409368511184055928e-01 -3.515019081698588232e-01
1.355156862892942238e-01 -3.456876752414166365e-01
1.301844525106951589e-01 -3.397090391635121942e-01
1.249444651847702037e-01 -3.335729561866525583e-01
1.197970171999845346e-01 -3.272881839139629712e-01
1.147433786121054289e-01 -3.208650933258752613e-01
1.097847963308351549e-01 -3.143154435266345970e-01
1.049224938121548489e-01 -3.076521248072507930e-01
1.001576707564547086e-01 -3.008888763436046165e-01
9.549150281252627437e-02 -2.940399854190122175e-01
9.092514128748829805e-02 -2.871199754650292091e-01
8.645971286271908474e-02 -2.801432904438267979e-01
8.209631931586486298e-02 -2.731239831455871681e-01
7.783603724899246235e-02 -2.660754148446157208e-01
7.367991782295391090e-02 -2.590099734521942865e-01
6.962898649802817808e-02 -2.519388168305050635e-01
6.568424278090440049e-02 -2.448716473022337359e-01
6.184665997806820803e-02 -2.378165226201258142e-01
5.811718495565326714e-02 -2.307797077686787601e-01
5.449673790581605060e-02 -2.237655709777660040e-01
5.098621211969217581e-02 -2.167765262592281916e-01
4.758647376699026710e-02 -2.098130236577706864e-01
4.429836168227735405e-02 -2.028735872636262538e-01
4.112268715800942998e-02 -1.959548998934248498e-01
3.806023374435663076e-02 -1.890519322345658448e-01
3.511175705587432638e-02 -1.821581131933146525e-01
3.227798458506631052e-02 -1.752655372125805910e-01
2.955961552288727257e-02 -1.683652034547289400e-01
2.695732058622735128e-02 -1.614472809981192802e-01
2.447174185242323441e-02 -1.545013935906830449e-01
2.210349260083493972e-02 -1.475169170536873020e-01
1.985315716152846743e-02 -1.404832821441905355e-01
1.772129077110096151e-02 -1.333902755718429645e-01
1.570841943568446197e-02 -1.262283319269777715e-01
1.381503980116172148e-02 -1.189888095104616322e-01
1.204161903062628269e-02 -1.116642434556921193e-01
1.038859468911712547e-02 -1.042485700896010753e-01
8.856374635655639427e-03 -9.673731717908223837e-02
7.445336922613066122e-03 -8.912775553508416049e-02
6.155829702431114825e-03 -8.141900837888062237e-02
4.988171141721231550e-03 -7.361211589154363633e-02
3.942649342761062048e-03 -6.571005344410466020e-02
3.019522272410146702e-03 -5.771770311678540988e-02
2.219017698460001853e-03 -4.964177923452633978e-02
1.541333133436018077e-03 -4.149070974640114984e-02
9.866357858642205159e-04 -3.327447633221195661e-02
5.550625190149927057e-04 -2.500441710566923478e-02
2.467198171341999924e-04 -1.669299667671514040e-02
6.168375916970614270e-05 -8.353549114613088161e-03
0.000000000000000000e+00 0.000000000000000000e+00
6.168375916970614270e-05 8.353549114613098570e-03
2.467198171341999924e-04 1.669299667671516121e-02
5.550625190149927057e-04 2.500441710566926601e-02
9.866357858642205159e-04 3.327447633221199824e-02
1.541333133436018077e-03 4.149070974640120535e-02
2.219017698460001853e-03 4.964177923452640223e-02
3.019522272410146702e-03 5.771770311678547927e-02
3.942649342761062048e-03 6.571005344410472959e-02
4.988171141721231550e-03 7.361211589154373347e-02
6.155829702431114825e-03 8.141900837888073339e-02
7.445336922613066122e-03 8.912775553508429927e-02
8.856374635655639427e-03 9.673731717908236327e-02
1.038859468911712547e-02 1.042485700896012280e-01
1.204161903062628269e-02 1.116642434556922581e-01
1.381503980116172148e-02 1.189888095104617988e-01
1.570841943568446197e-02 1.262283319269779658e-01
1.772129077110096151e-02 1.333902755718431588e-01
1.985315716152846743e-02 1.404832821441907298e-01
2.210349260083493972e-02 1.475169170536875518e-01
2.447174185242323441e-02 1.545013935906832669e-01
2.695732058622735128e-02 1.614472809981195300e-01
2.955961552288727257e-02 1.683652034547291620e-01
3.227798458506631052e-02 1.752655372125808408e-01
3.511175705587432638e-02 1.821581131933149300e-01
3.806023374435663076e-02 1.890519322345661224e-01
4.112268715800942998e-02 1.959548998934251551e-01
4.429836168227735405e-02 2.028735872636265591e-01
4.758647376699026710e-02 2.098130236577709640e-01
5.098621211969217581e-02 2.167765262592284692e-01
5.449673790581605060e-02 2.237655709777663371e-01
5.811718495565326714e-02 2.307797077686790932e-01
6.184665997806820803e-02 2.378165226201261195e-01
6.568424278090440049e-02 2.448716473022340412e-01
6.962898649802817808e-02 2.519388168305053410e-01
7.367991782295391090e-02 2.590099734521946750e-01
7.783603724899246235e-02 2.660754148446161649e-01
8.209631931586486298e-02 2.731239831455875011e-01
8.645971286271908474e-02 2.801432904438271310e-01
9.092514128748829805e-02 2.871199754650295421e-01
9.549150281252627437e-02 2.940399854190124951e-01
1.001576707564547086e-01 3.008888763436049496e-01
1.049224938121548489e-01 3.076521248072511816e-01
1.097847963308351549e-01 3.143154435266349300e-01
1.147433786121054289e-01 3.208650933258755389e-01
1.197970171999845346e-01 3.272881839139633597e-01
1.249444651847702037e-01 3.335729561866528359e-01
1.301844525106951589e-01 3.397090391635125273e-01
1.355156862892942238e-01 3.456876752414169696e-01
1.409368511184055928e-01 3.515019081698592118e-01
1.464466094067262691e-01 3.571467290146283502e-01
1.520436017038428456e-01 3.626191763549839742e-01
1.577264470356556925e-01 3.679183880329250922e-01
1.634937432451133432e-01 3.730456029165877263e-01
1.693440673381740869e-01 3.780041123265633352e-01
1.752759758349082264e-01 3.827991619761135222e-01
1.812880051256551828e-01 3.874378064656039400e-01
1.873786718321474032e-01 3.919287195196620721e-01
1.935464731735117572e-01 3.962819642353012650e-01
1.997898873370579920e-01 4.005087285944454734e-01
2.061073738537634870e-01 4.046210323612127735e-01
2.124973739783607707e-01 4.086314122115384806e-01
2.189583110739347083e-01 4.125525925123084137e-01
2.254885910009341576e-01 4.163971495644826493e-01
2.320866025105017272e-01 4.201771773392306564e-01
2.387507176420255450e-01 4.239039627615417971e-01
2.454792921248143966e-01 4.275876784301191891e-01
2.522706657837961997e-01 4.312371003082137721e-01
2.591231629491423938e-01 4.348593573843588800e-01
2.660350928697133299e-01 4.384597195959556437e-01
2.730047501302266255e-01 4.420414294477982287e-01
2.800304150720424601e-01 4.456055817609107517e-01
2.871103542174636702e-01 4.491510548769572786e-01
2.942428206974456728e-01 4.526744954452643355e-01
3.014260546826097453e-01 4.561703576605931065e-01
3.086582838174550814e-01 4.596309965294130273e-01
3.159377236576610404e-01 4.630468134506376954e-01
3.232625781103714013e-01 4.664064511339578445e-01
3.306310398773543713e-01 4.696970336750241337e-01
3.380412909009252731e-01 4.729044464905586276e-01
3.454915028125262744e-01 4.760136498150616124e-01
3.529798373838480829e-01 4.790090185986861093e-01
3.605044469803853624e-01 4.818747009445404905e-01
3.680634750173136238e-01 4.845949867011903889e-01
3.756550564175726303e-01 4.871546774963358972e-01
3.832773180720473460e-01 4.895394493701656913e-01
3.909283793017287456e-01 4.917361992466626752e-01
3.986063523217437399e-01 4.937333667683820870e-01
4.063093427071377550e-01 4.955212235101952301e-01
4.140354498602952238e-01 4.970921222709350218e-01
4.217827674798846349e-01 4.984407000046315872e-01
4.295493840312086808e-01 4.995640289769530673e-01
4.373333832178478708e-01 5.004617118952023880e-01
4.451328444544774277e-01 5.011359180362687793e-01
4.529458433407428375e-01 5.015913587575900889e-01
4.607704521360775907e-01 5.018352021907868110e-01
4.686047402353433755e-01 5.018769283537332093e-01
4.764467746451786501e-01 5.017281273412816933e-01
4.842946204609359095e-01 5.014022446343477935e-01
4.921463413440896884e-01 5.009142788690126302e-01
5.000000000000001110e-01 5.002804386005180737e-01
5.078536586559103672e-01 4.995177656525749410e-01
5.157053795390641460e-01 4.986437335340275778e-01
5.235532253548214054e-01 4.976758301100917548e-01
5.313952597646567355e-01 4.966311342153374442e-01
5.392295478639225204e-01 4.955258961763013836e-01
5.470541566592571625e-01 4.943751322637631729e-01
5.548671555455225723e-01 4.931922429142289177e-01
5.626666167821521292e-01 4.919886641481741041e-01
5.704506159687913192e-01 4.907735609755918271e-01
5.782172325201154761e-01 4.895535707291190364e-01
5.859645501397048317e-01 4.883326032181253273e-01
5.936906572928624115e-01 4.871117033751560799e-01
6.013936476782563156e-01 4.858889806946497525e-01
6.090716206982712544e-01 4.846596082723225729e-01
6.167226819279527650e-01 4.834158926745728002e-01
6.243449435824274252e-01 4.821474142355831605e-01
6.319365249826864872e-01 4.808412357320935304e-01
6.394955530196146931e-01 4.794821757594617262e-01
6.470201626161520281e-01 4.780531415650169924e-01
6.545084971874737256e-01 4.765355146224635741e-01
6.619587090990747269e-01 4.749095808890291259e-01
6.693689601226457953e-01 4.731549965076902176e-01
6.767374218896285987e-01 4.712512787292703065e-01
6.840622763423389596e-01 4.691783110588043648e-01
6.913417161825449186e-01 4.669168510980568620e-01
6.985739453173903657e-01 4.644490292770985240e-01
7.057571793025544382e-01 4.617588266526863050e-01
7.128896457825363298e-01 4.588325202042521922e-01
7.199695849279575954e-01 4.556590845781653965e-01
7.269952498697733745e-01 4.522305400101504502e-01
7.339649071302868366e-01 4.485422371809788533e-01
7.408768370508577172e-01 4.445930710128841445e-01
7.477293342162038003e-01 4.403856168692676376e-01
7.545207078751856589e-01 4.359261842490640415e-01
7.612492823579743995e-01 4.312247848362640301e-01
7.679133974894984949e-01 4.262950136376055799e-01
7.745114089990658979e-01 4.211538438775865867e-01
7.810416889260654028e-01 4.158213382780204248e-01
7.875026260216393403e-01 4.103202812865682780e-01
7.938926261462364575e-01 4.046757386920594168e-01
8.002101126629421746e-01 3.989145528318132627e-01
8.064535268264882983e-01 3.930647832171333400e-01
8.126213281678525968e-01 3.871551038397827438e-01
8.187119948743448727e-01 3.812141696402455704e-01
8.247240241650917181e-01 3.752699655876918783e-01
8.306559326618260242e-01 3.693491525167496570e-01
8.365062567548866568e-01 3.634764242677180901e-01
8.422735529643443630e-01 3.576738907712255777e-01
8.479563982961570989e-01 3.519605014984203972e-01
8.535533905932737309e-01 3.463515231630159841e-01
8.590631488815945183e-01 3.408580847182232643e-01
8.644843137107058872e-01 3.354868015526595859e-01
8.698155474893048966e-01 3.302394893741629756e-01
8.750555348152297963e-01 3.251129766046399472e-01
8.802029828000155209e-01 3.200990222238346838e-01
8.852566213878947377e-01 3.151843439315727413e-01
8.902152036691648451e-01 3.103507592872565835e-01
8.950775061878452066e-01 3.055754401763793315e-01
8.998423292435453469e-01 3.008312785934772471e-01
9.045084971874737256e-01 2.960873593677593729e-01
9.090748587125118130e-01 2.913095331409351618e-01
9.135402871372809708e-01 2.864610806853344904e-01
9.179036806841351925e-01 2.815034575718303178e-01
9.221639627510075377e-01 2.763971063064263323e-01
9.263200821770462001e-01 2.711023213934256604e-01
9.303710135019718219e-01 2.655801513893402133e-01
9.343157572190956550e-01 2.597933209175131153e-01
9.381533400219317365e-01 2.537071548454155057e-01
9.418828150443467884e-01 2.472904864048466878e-01
9.455032620941840049e-01 2.405165309731059076e-01
9.490137878803078797e-01 2.333637075365555813e-01
9.524135262330097884e-01 2.258163905254885473e-01
9.557016383177225904e-01 2.178655757318701813e-01
9.588773128419905145e-01 2.095094453831603809e-01
9.619397662556434803e-01 2.007538191226592439e-01
9.648882429441256736e-01 1.916124796097124217e-01
9.677220154149337450e-01 1.821073636655636541e-01
9.704403844771127829e-01 1.722686123112586731e-01
9.730426794137726487e-01 1.621344756266345499e-01
9.755282581475768211e-01 1.517510710545176555e-01
9.778965073991651158e-01 1.411719965292630719e-01
9.801468428384715326e-01 1.304578025697857580e-01
9.822787092288990385e-01 1.196753301896778116e-01
9.842915805643155380e-01 1.088969240868982863e-01
9.861849601988383895e-01 9.819953303057403493e-02
9.879583809693737173e-01 8.766371161313855909e-02
9.896114053108828745e-01 7.737253953654364691e-02
9.911436253643444161e-01 6.741047631064106538e-02
9.925546630773869339e-01 5.786217062447299858e-02
9.938441702975688852e-01 4.881124467807020084e-02
9.950118288582787685e-01 4.033907441123135013e-02
9.960573506572389935e-01 3.252358682173822624e-02
9.969804777275899088e-01 2.543809542170737820e-02
9.977809823015399981e-01 1.915019433793024861e-02
9.984586668665640374e-01 1.372073062911148902e-02
9.990133642141357795e-01 9.202873086276071660e-03
9.994449374809850628e-01 5.641294126360571135e-03
9.997532801828658000e-01 3.071479414181119312e-03
9.999383162408302939e-01 1.519177591797589259e-03
1.000000000000000000e+00 1.000000000000000021e-03
