1.000000000000000000e+00 -9.100000000000000450e-03
9.999383162408302939e-01 -9.085860620169316365e-03
9.997532801828658000e-01 -9.043519709523164044e-03
9.994449374809850628e-01 -8.973208537484103978e-03
9.990133642141357795e-01 -8.875311168688650165e-03
9.984586668665640374e-01 -8.750362407218889929e-03
9.977809823015399981e-01 -8.599044959811497774e-03
9.969804777275899088e-01 -8.422185858447402140e-03
9.960573506572389935e-01 -8.220752193022482987e-03
9.950118288582787685e-01 -7.995846214194626475e-03
9.938441702975688852e-01 -7.748699874818394326e-03
9.925546630773869339e-01 -7.480668885467231001e-03
9.911436253643444161e-01 -7.193226365270506163e-03
9.896114053108828745e-01 -6.887956173546783481e-03
9.879583809693737173e-01 -6.566546010414848165e-03
9.861849601988383895e-01 -6.230780375644712384e-03
9.842915805643155380e-01 -5.882533474447063787e-03
9.822787092288990385e-01 -5.523762156681528632e-03
9.801468428384715326e-01 -5.156498972120044863e-03
9.778965073991651158e-01 -4.782845418984972563e-03
9.755282581475768211e-01 -4.404965456070416945e-03
9.730426794137726487e-01 -4.025079340461294557e-03
9.704403844771127829e-01 -3.645457843318762430e-03
9.677220154149337450e-01 -3.268416885561561264e-03
9.648882429441256736e-01 -2.896312623718705868e-03
9.619397662556434803e-01 -2.531537003957116255e-03
9.588773128419905145e-01 -2.176513789511805470e-03
9.557016383177225904e-01 -1.833695053693528559e-03
9.524135262330097884e-01 -1.505558117550697197e-03
9.490137878803078797e-01 -1.194602898365164714e-03
9.455032620941840049e-01 -9.033496227014627816e-04
9.418828150443467884e-01 -6.343368459500141332e-04
9.381533400219317365e-01 -3.901197094378014429e-04
9.343157572190956550e-01 -1.732683564483767508e-04
9.303710135019718219e-01 1.363357989557327510e-05
9.263200821770462001e-01 1.679905107881459608e-04
9.221639627510075377e-01 2.871965469893340145e-04
9.179036806841351925e-01 3.686373775294675414e-04
9.135402871372809708e-01 4.096924755790445905e-04
9.090748587125118130e-01 4.077377344960299993e-04
9.045084971874737256e-01 3.601486342679309505e-04
8.998423292435453469e-01 2.643040336557708064e-04
8.950775061878452066e-01 1.175906763393637366e-04
8.902152036691648451e-01 -8.259150968786474478e-05
8.852566213878947377e-01 -3.388232512320041995e-04
8.802029828000155209e-01 -6.536588521115658731e-04
8.750555348152297963e-01 -1.029618157565903407e-03
8.698155474893048966e-01 -1.469177535936827365e-03
8.644843137107058872e-01 -1.974759869937928528e-03
8.590631488815945183e-01 -2.548723568069848240e-03
8.535533905932737309e-01 -3.193350625716078958e-03
8.479563982961570989e-01 -3.910833784870613658e-03
8.422735529643443630e-01 -4.703262860996456143e-03
8.365062567548866568e-01 -5.572610324873121870e-03
8.306559326618260242e-01 -6.520716246136387499e-03
8.247240241650917181e-01 -7.549272723218294380e-03
8.187119948743448727e-01 -8.659807941235874232e-03
8.126213281678525968e-01 -9.853670014745808878e-03
8.064535268264882983e-01 -1.113201078587461312e-02
8.002101126629421746e-01 -1.249576975988360601e-02
7.938926261462364575e-01 -1.394565836947404824e-02
7.875026260216393403e-01 -1.548214476586627121e-02
7.810416889260654028e-01 -1.710543933871054231e-02
7.745114089990658979e-01 -1.881548116805230320e-02
7.679133974894984949e-01 -2.061192560978604427e-02
7.612492823579743995e-01 -2.249413321121614476e-02
7.545207078751856589e-01 -2.446116014549049381e-02
7.477293342162038003e-01 -2.651175034281840620e-02
7.408768370508577172e-01 -2.864432948259720141e-02
7.339649071302868366e-01 -3.085700099399554114e-02
7.269952498697733745e-01 -3.314754419333710428e-02
7.199695849279575954e-01 -3.551341466502419553e-02
7.128896457825363298e-01 -3.795174696899882016e-02
7.057571793025544382e-01 -4.045935973215462195e-02
6.985739453173903657e-01 -4.303276315403347513e-02
6.913417161825449186e-01 -4.566816892892287122e-02
6.840622763423389596e-01 -4.836150255751256455e-02
6.767374218896285987e-01 -5.110841799197995278e-02
6.693689601226457953e-01 -5.390431452917897326e-02
6.619587090990747269e-01 -5.674435583793373261e-02
6.545084971874737256e-01 -5.962349097872204212e-02
6.470201626161520281e-01 -6.253647724769076377e-02
6.394955530196146931e-01 -6.547790465238818858e-02
6.319365249826864872e-01 -6.844222180421301316e-02
6.243449435824274252e-01 -7.142376299272704121e-02
6.167226819279527650e-01 -7.441677618998282506e-02
6.090716206982712544e-01 -7.741545171916859591e-02
6.013936476782563156e-01 -8.041395131140885444e-02
5.936906572928624115e-01 -8.340643726768021127e-02
5.859645501397048317e-01 -8.638710143963973520e-02
5.782172325201154761e-01 -8.935019374381387991e-02
5.704506159687913192e-01 -9.229004992807775254e-02
5.626666167821521292e-01 -9.520111831764188626e-02
5.548671555455225723e-01 -9.807798527976722969e-02
5.470541566592571625e-01 -1.009153991619976265e-01
5.392295478639225204e-01 -1.037082924776348419e-01
5.313952597646567355e-01 -1.064518021342201887e-01
5.235532253548214054e-01 -1.091412875256322218e-01
5.157053795390641460e-01 -1.117723463356998376e-01
5.078536586559103672e-01 -1.143408279305816594e-01
5.000000000000001110e-01 -1.168428442481471985e-01
4.921463413440896884e-01 -1.192747781247607414e-01
4.842946204609359095e-01 -1.216332890327428140e-01
4.764467746451786501e-01 -1.239153162348889670e-01
4.686047402353433755e-01 -1.261180793952528523e-01
4.607704521360775907e-01 -1.282390767174986790e-01
4.529458433407428375e-01 -1.302760807129742238e-01
4.451328444544774277e-01 -1.322271317298448212e-01
4.373333832178478708e-01 -1.340905294016889460e-01
4.295493840312086808e-01 -1.358648221985137294e-01
4.217827674798846349e-01 -1.375487952848396811e-01
4.140354498602952238e-01 -1.391414569080153540e-01
4.063093427071377550e-01 -1.406420235549929454e-01
3.986063523217437399e-01 -1.420499041272268170e-01
3.909283793017287456e-01 -1.433646833909812124e-01
3.832773180720473460e-01 -1.445861049640917995e-01
3.756550564175726303e-01 -1.457140541000628564e-01
3.680634750173136238e-01 -1.467485405263557474e-01
3.605044469803853624e-01 -1.476896815859208290e-01
3.529798373838480829e-01 -1.485376859196116395e-01
3.454915028125262744e-01 -1.492928379122950289e-01
3.380412909009252731e-01 -1.499554831075204098e-01
3.306310398773543713e-01 -1.505260147748372634e-01
3.232625781103714013e-01 -1.510048617906156465e-01
3.159377236576610404e-01 -1.513924779679196864e-01
3.086582838174550814e-01 -1.516893329440495153e-01
3.014260546826097453e-01 -1.518959047062199419e-01
2.942428206974456728e-01 -1.520126738069815520e-01
2.871103542174636702e-01 -1.520401192918534872e-01
2.800304150720424601e-01 -1.519787163327087354e-01
2.730047501302266255e-01 -1.518289355321897072e-01
2.660350928697133299e-01 -1.515912438372722104e-01
2.591231629491423938e-01 -1.512661069744686559e-01
2.522706657837961997e-01 -1.508539932954446050e-01
2.454792921248143966e-01 -1.503553789003725383e-01
2.387507176420255450e-01 -1.497707538874808175e-01
2.320866025105017272e-01 -1.491006295612212207e-01
2.254885910009341576e-01 -1.483455464184934847e-01
2.189583110739347083e-01 -1.475060827226007676e-01
2.124973739783607707e-01 -1.465828634681363152e-01
2.061073738537634870e-01 -1.455765695368933521e-01
1.997898873370579920e-01 -1.444879468451217286e-01
1.935464731735117572e-01 -1.433178152859507781e-01
1.873786718321474032e-01 -1.420670772774506041e-01
1.812880051256551828e-01 -1.407367257364310065e-01
1.752759758349082264e-01 -1.393278513104538319e-01
1.693440673381740869e-01 -1.378416487154165426e-01
1.634937432451133432e-01 -1.362794220431231274e-01
1.577264470356556925e-01 -1.346425889221980199e-01
1.520436017038428456e-01 -1.329326834361251874e-01
1.464466094067262691e-01 -1.311513577237717054e-01
1.409368511184055928e-01 -1.293003822100640132e-01
1.355156862892942238e-01 -1.273816444371698164e-01
1.301844525106951589e-01 -1.253971464891830145e-01
1.249444651847702037e-01 -1.233490010255596098e-01
1.197970171999845346e-01 -1.212394259600421964e-01
1.147433786121054289e-01 -1.190707378421995144e-01
1.097847963308351549e-01 -1.168453440176920738e-01
1.049224938121548489e-01 -1.145657336606751425e-01
1.001576707564547086e-01 -1.122344677871390667e-01
9.549150281252627437e-02 -1.098541683712407208e-01
9.092514128748829805e-02 -1.074275066976837917e-01
8.645971286271908474e-02 -1.049571910918045137e-01
8.209631931586486298e-02 -1.024459541751947117e-01
7.783603724899246235e-02 -9.989653979838640507e-02
7.367991782295391090e-02 -9.731168980339754970e-02
6.962898649802817808e-02 -9.469413076782780270e-02
6.568424278090440049e-02 -9.204656087884435789e-02
6.184665997806820803e-02 -8.937163707992541728e-02
5.811718495565326714e-02 -8.667196262584000999e-02
5.449673790581605060e-02 -8.395007517222018156e-02
5.098621211969217581e-02 -8.120843551548839745e-02
4.758647376699026710e-02 -7.844941708705327477e-02
4.429836168227735405e-02 -7.567529629287961246e-02
4.112268715800942998e-02 -7.288824377601751947e-02
3.806023374435663076e-02 -7.009031666571967356e-02
3.511175705587432638e-02 -6.728345186266346256e-02
3.227798458506631052e-02 -6.446946039575966736e-02
2.955961552288727257e-02 -6.165002287233739553e-02
2.695732058622735128e-02 -5.882668603035233479e-02
2.447174185242323441e-02 -5.600086038888370948e-02
2.210349260083493972e-02 -5.317381898172701682e-02
1.985315716152846743e-02 -5.034669714851261468e-02
1.772129077110096151e-02 -4.752049334857996743e-02
1.570841943568446197e-02 -4.469607095491362481e-02
1.381503980116172148e-02 -4.187416097882865756e-02
1.204161903062628269e-02 -3.905536567080757776e-02
1.038859468911712547e-02 -3.624016293891452190e-02
8.856374635655639427e-03 -3.342891152349696665e-02
7.445336922613066122e-03 -3.062185686536335674e-02
6.155829702431114825e-03 -2.781913760417883269e-02
4.988171141721231550e-03 -2.502079264435652997e-02
3.942649342761062048e-03 -2.222676872706488144e-02
3.019522272410146702e-03 -1.943692844900916580e-02
2.219017698460001853e-03 -1.665105867117421326e-02
1.541333133436018077e-03 -1.386887926361220387e-02
9.866357858642205159e-04 -1.109005213542354866e-02
5.550625190149927057e-04 -8.314190502173419983e-03
2.467198171341999924e-04 -5.540868345952090768e-03
6.168375916970614270e-05 -2.769630025983492189e-03
0.000000000000000000e+00 0.000000000000000000e+00
6.168375916970614270e-05 2.921723843606793131e-03
2.467198171341999924e-04 5.844909698844606011e-03
5.550625190149927057e-04 8.769880254560560862e-03
9.866357858642205159e-04 1.169692531716553033e-02
1.541333133436018077e-03 1.462628599834320774e-02
2.219017698460001853e-03 1.755813948350294987e-02
3.019522272410146702e-03 2.049258456181492563e-02
3.942649342761062048e-03 2.342962808802825925e-02
4.988171141721231550e-03 2.636917253329756211e-02
6.155829702431114825e-03 2.931100476714567499e-02
7.445336922613066122e-03 3.225478619571101740e-02
8.856374635655639427e-03 3.520004436282754556e-02
1.038859468911712547e-02 3.814616610058448043e-02
1.204161903062628269e-02 4.109239229508937497e-02
1.381503980116172148e-02 4.403781431158324683e-02
1.570841943568446197e-02 4.698137210112539319e-02
1.772129077110096151e-02 4.992185398915445493e-02
1.985315716152846743e-02 5.285789812464432302e-02
2.210349260083493972e-02 5.578799554766090962e-02
2.447174185242323441e-02 5.871049481318251634e-02
2.695732058622735128e-02 6.162360809037138731e-02
2.955961552288727257e-02 6.452541863934503630e-02
3.227798458506631052e-02 6.741388955212178347e-02
3.511175705587432638e-02 7.028687363102562036e-02
3.806023374435663076e-02 7.314212426657912269e-02
4.112268715800942998e-02 7.597730716794379169e-02
4.429836168227735405e-02 7.879001279235142707e-02
4.758647376699026710e-02 8.157776931577620516e-02
5.098621211969217581e-02 8.433805598532030656e-02
5.449673790581605060e-02 8.706831669440254218e-02
5.811718495565326714e-02 8.976597362476236575e-02
6.184665997806820803e-02 9.242844080443282651e-02
6.568424278090440049e-02 9.505313743802878967e-02
6.962898649802817808e-02 9.763750087477053585e-02
7.367991782295391090e-02 1.001789990904271427e-01
7.783603724899246235e-02 1.026751425715592553e-01
8.209631931586486298e-02 1.051234955038539143e-01
8.645971286271908474e-02 1.075216861806817942e-01
9.092514128748829805e-02 1.098674165630196542e-01
9.549150281252627437e-02 1.121584709372746846e-01
1.001576707564547086e-01 1.143927236330650465e-01
1.049224938121548489e-01 1.165681457783611097e-01
1.097847963308351549e-01 1.186828110843395762e-01
1.147433786121054289e-01 1.207349006665798391e-01
1.197970171999845346e-01 1.227227069226413531e-01
1.249444651847702037e-01 1.246446364983695015e-01
1.301844525106951589e-01 1.264992123863464546e-01
1.355156862892942238e-01 1.282850752095503200e-01
1.409368511184055928e-01 1.300009837514281841e-01
1.464466094067262691e-01 1.316458148001211637e-01
1.520436017038428456e-01 1.332185623794639451e-01
1.577264470356556925e-01 1.347183364425963148e-01
1.634937432451133432e-01 1.361443611055909442e-01
1.693440673381740869e-01 1.374959724984680387e-01
1.752759758349082264e-01 1.387726163093963017e-01
1.812880051256551828e-01 1.399738450949088719e-01
1.873786718321474032e-01 1.410993154246772407e-01
1.935464731735117572e-01 1.421487849239893853e-01
1.997898873370579920e-01 1.431221092706777831e-01
2.061073738537634870e-01 1.440192391960888052e-01
2.124973739783607707e-01 1.448402175319082885e-01
2.189583110739347083e-01 1.455851763365013929e-01
2.254885910009341576e-01 1.462543341260656993e-01
2.320866025105017272e-01 1.468479932275351396e-01
2.387507176420255450e-01 1.473665372620114877e-01
2.454792921248143966e-01 1.478104287596997690e-01
2.522706657837961997e-01 1.481802069000701660e-01
2.591231629491423938e-01 1.484764853644065241e-01
2.660350928697133299e-01 1.486999502821395869e-01
2.730047501302266255e-01 1.488513582475506913e-01
2.800304150720424601e-01 1.489315343796145663e-01
2.871103542174636702e-01 1.489413703950017709e-01
2.942428206974456728e-01 1.488818226626272279e-01
3.014260546826097453e-01 1.487539102075988440e-01
3.086582838174550814e-01 1.485587126329861729e-01
3.159377236576610404e-01 1.482973679294453673e-01
3.232625781103714013e-01 1.479710701453423871e-01
3.306310398773543713e-01 1.475810668935210734e-01
3.380412909009252731e-01 1.471286566751662528e-01
3.454915028125262744e-01 1.466151860061848111e-01
3.529798373838480829e-01 1.460420463370522837e-01
3.605044469803853624e-01 1.454106707629766460e-01
3.680634750173136238e-01 1.447225305273951712e-01
3.756550564175726303e-01 1.439791313280626983e-01
3.832773180720473460e-01 1.431820094411685451e-01
3.909283793017287456e-01 1.423327276848824485e-01
3.986063523217437399e-01 1.414328712493282958e-01
4.063093427071377550e-01 1.404840434250801129e-01
4.140354498602952238e-01 1.394878612667552198e-01
4.217827674798846349e-01 1.384459512320224406e-01
4.295493840312086808e-01 1.373599448392712752e-01
4.373333832178478708e-01 1.362314743892137359e-01
4.451328444544774277e-01 1.350621687967786255e-01
4.529458433407428375e-01 1.338536495797630066e-01
4.607704521360775907e-01 1.326075270498249525e-01
4.686047402353433755e-01 1.313253967495490449e-01
4.764467746451786501e-01 1.300088361765153466e-01
4.842946204609359095e-01 1.286594018316195853e-01
4.921463413440896884e-01 1.272786266243891018e-01
5.000000000000001110e-01 1.258680176628032554e-01
5.078536586559103672e-01 1.244290544492806794e-01
5.157053795390641460e-01 1.229631874981235024e-01
5.235532253548214054e-01 1.214718373829754561e-01
5.313952597646567355e-01 1.199563942158575758e-01
5.392295478639225204e-01 1.184182175522555808e-01
5.470541566592571625e-01 1.168586367096739326e-01
5.548671555455225723e-01 1.152789514801895870e-01
5.626666167821521292e-01 1.136804332109657700e-01
5.704506159687913192e-01 1.120643262205572449e-01
5.782172325201154761e-01 1.104318495132646794e-01
5.859645501397048317e-01 1.087841987488952639e-01
5.936906572928624115e-01 1.071225484211453527e-01
6.013936476782563156e-01 1.054480541945239658e-01
6.090716206982712544e-01 1.037618553473406841e-01
6.167226819279527650e-01 1.020650772668361406e-01
6.243449435824274252e-01 1.003588339420600772e-01
6.319365249826864872e-01 9.864423040060768533e-02
6.394955530196146931e-01 9.692236503680061455e-02
6.470201626161520281e-01 9.519433178130613793e-02
6.545084971874737256e-01 9.346122206548657108e-02
6.619587090990747269e-01 9.172412653788848680e-02
6.693689601226457953e-01 8.998413649514180879e-02
6.767374218896285987e-01 8.824234499504599039e-02
6.840622763423389596e-01 8.649984762567124175e-02
6.913417161825449186e-01 8.475774291078194689e-02
6.985739453173903657e-01 8.301713233867576147e-02
7.057571793025544382e-01 8.127912000849922547e-02
7.128896457825363298e-01 7.954481189512566108e-02
7.199695849279575954e-01 7.781531474062922116e-02
7.269952498697733745e-01 7.609173458714425797e-02
7.339649071302868366e-01 7.437517497233625541e-02
7.408768370508577172e-01 7.266673481472205043e-02
7.477293342162038003e-01 7.096750602155781074e-02
7.545207078751856589e-01 6.927857085687576244e-02
7.612492823579743995e-01 6.760099911141058404e-02
7.679133974894984949e-01 6.593584511955639937e-02
7.745114089990658979e-01 6.428414467108027608e-02
7.810416889260654028e-01 6.264691186705308168e-02
7.875026260216393403e-01 6.102513597033383530e-02
7.938926261462364575e-01 5.941977830094140323e-02
8.002101126629421746e-01 5.783176922579624790e-02
8.064535268264882983e-01 5.626200529063365985e-02
8.126213281678525968e-01 5.471134653941897574e-02
8.187119948743448727e-01 5.318061406340206243e-02
8.247240241650917181e-01 5.167058781808229334e-02
8.306559326618260242e-01 5.018200474190984833e-02
8.365062567548866568e-01 4.871555720560142438e-02
8.422735529643443630e-01 4.727189181559133396e-02
8.479563982961570989e-01 4.585160858947859297e-02
8.535533905932737309e-01 4.445526051545495294e-02
8.590631488815945183e-01 4.308335350172506906e-02
8.644843137107058872e-01 4.173634671594707996e-02
8.698155474893048966e-01 4.041465330883884516e-02
8.750555348152297963e-01 3.911864151040209125e-02
8.802029828000155209e-01 3.784863608180517869e-02
8.852566213878947377e-01 3.660492010091802306e-02
8.902152036691648451e-01 3.538773705488423155e-02
8.950775061878452066e-01 3.419729320901024328e-02
8.998423292435453469e-01 3.303376021770560583e-02
9.045084971874737256e-01 3.189727794026293861e-02
9.090748587125118130e-01 3.078795742195900714e-02
9.135402871372809708e-01 2.970588399930564755e-02
9.179036806841351925e-01 2.865112048729325997e-02
9.221639627510075377e-01 2.762371040615028972e-02
9.263200821770462001e-01 2.662368120547414785e-02
9.303710135019718219e-01 2.565104744455387956e-02
9.343157572190956550e-01 2.470581388926667427e-02
9.381533400219317365e-01 2.378797848805444537e-02
9.418828150443467884e-01 2.289753519211771421e-02
9.455032620941840049e-01 2.203447658805632661e-02
9.490137878803078797e-01 2.119879631467141978e-02
9.524135262330097884e-01 2.039049123946536091e-02
9.557016383177225904e-01 1.960956337446118775e-02
9.588773128419905145e-01 1.885602151524793518e-02
9.619397662556434803e-01 1.812988259156999432e-02
9.648882429441256736e-01 1.743117272225037234e-02
9.677220154149337450e-01 1.675992797169991583e-02
9.704403844771127829e-01 1.611619480965693907e-02
9.730426794137726487e-01 1.550003028005410635e-02
9.755282581475768211e-01 1.491150188897559167e-02
9.778965073991651158e-01 1.435068722548401426e-02
9.801468428384715326e-01 1.381767333262292480e-02
9.822787092288990385e-01 1.331255584909234180e-02
9.842915805643155380e-01 1.283543794491624063e-02
9.861849601988383895e-01 1.238642907684249332e-02
9.879583809693737173e-01 1.196564359121560055e-02
9.896114053108828745e-01 1.157319920362120946e-02
9.911436253643444161e-01 1.120921538571204717e-02
9.925546630773869339e-01 1.087381169027843222e-02
9.938441702975688852e-01 1.056710604582798523e-02
9.950118288582787685e-01 1.028921305169518997e-02
9.960573506572389935e-01 1.004024230402011421e-02
9.969804777275899088e-01 9.820296781841186470e-03
9.977809823015399981e-01 9.629471321053059696e-03
9.984586668665640374e-01 9.467851202120052684e-03
9.990133642141357795e-01 9.335510875232478495e-03
9.994449374809850628e-01 9.232512844082493148e-03
9.997532801828658000e-01 9.158906726654349184e-03
9.999383162408302939e-01 9.114728508404936966e-03
1.000000000000000000e+00 9.100000000000000450e-03
