1.000000000000000000e+00 -1.000000000000000021e-03
9.999383162408302939e-01 -9.945664332287314311e-04
9.997532801828658000e-01 -9.782488646471734425e-04
9.994449374809850628e-01 -9.509976068280160885e-04
9.990133642141357795e-01 -9.127328851719776828e-04
9.984586668665640374e-01 -8.633493245283282731e-04
9.977809823015399981e-01 -8.027220919472340772e-04
9.969804777275899088e-01 -7.307145607023193563e-04
9.960573506572389935e-01 -6.471873273179789502e-04
9.950118288582787685e-01 -5.520083836216079952e-04
9.938441702975688852e-01 -4.450642204618011650e-04
9.925546630773869339e-01 -3.262716192426320461e-04
9.911436253643444161e-01 -1.955898722629910306e-04
9.896114053108828745e-01 -5.303316334072090497e-05
9.879583809693737173e-01 1.013171634571244286e-04
9.861849601988383895e-01 2.673007169006742876e-04
9.842915805643155380e-01 4.446668153155238900e-04
9.822787092288990385e-01 6.330641349879893420e-04
9.801468428384715326e-01 8.320314792203741070e-04
9.778965073991651158e-01 1.040989873016291830e-03
9.755282581475768211e-01 1.259236160053508156e-03
9.730426794137726487e-01 1.485938246584161092e-03
9.704403844771127829e-01 1.720132101919252202e-03
9.677220154149337450e-01 1.960720587998798087e-03
9.648882429441256736e-01 2.206474152062595957e-03
9.619397662556434803e-01 2.456033377489358176e-03
9.588773128419905145e-01 2.707913349342694689e-03
9.557016383177225904e-01 2.960509753918385677e-03
9.524135262330097884e-01 3.212106596468720498e-03
9.490137878803078797e-01 3.460885389070714364e-03
9.455032620941840049e-01 3.704935632030852046e-03
9.418828150443467884e-01 3.942266387913924766e-03
9.381533400219317365e-01 4.170818727788442107e-03
9.343157572190956550e-01 4.388478815024065074e-03
9.303710135019718219e-01 4.593091383266825062e-03
9.263200821770462001e-01 4.782473362235460136e-03
9.221639627510075377e-01 4.954427407778276386e-03
9.179036806841351925e-01 5.106755101118974453e-03
9.135402871372809708e-01 5.237269596188641116e-03
9.090748587125118130e-01 5.343807513046625046e-03
9.045084971874737256e-01 5.424239899175427662e-03
8.998423292435453469e-01 5.476482108323246605e-03
8.950775061878452066e-01 5.498502477896909275e-03
8.902152036691648451e-01 5.488329719929230070e-03
8.852566213878947377e-01 5.444058976546675005e-03
8.802029828000155209e-01 5.363856527786111002e-03
8.750555348152297963e-01 5.245963176668334664e-03
8.698155474893048966e-01 5.088696372737622209e-03
8.644843137107058872e-01 4.890451169942206661e-03
8.590631488815945183e-01 4.649700146913547834e-03
8.535533905932737309e-01 4.364992446610534843e-03
8.479563982961570989e-01 4.034952117205317136e-03
8.422735529643443630e-01 3.658275956367352394e-03
8.365062567548866568e-01 3.233731076219683014e-03
8.306559326618260242e-01 2.760152415780897650e-03
8.247240241650917181e-01 2.236440431377421760e-03
8.187119948743448727e-01 1.661559193157657356e-03
8.126213281678525968e-01 1.034535107439899480e-03
8.064535268264882983e-01 3.544564703035279563e-04
8.002101126629421746e-01 -3.795259621614891768e-04
7.938926261462364575e-01 -1.168197226803745865e-03
7.875026260216393403e-01 -2.012275099454250392e-03
7.810416889260654028e-01 -2.912405638139338102e-03
7.745114089990658979e-01 -3.869157265120858231e-03
7.679133974894984949e-01 -4.883013369602764477e-03
7.612492823579743995e-01 -5.954363454831230681e-03
7.545207078751856589e-01 -7.083492895979564240e-03
7.477293342162038003e-01 -8.270571417689788138e-03
7.408768370508577172e-01 -9.515640441461413121e-03
7.339649071302868366e-01 -1.081859949228555773e-02
7.269952498697733745e-01 -1.217919189008721467e-02
7.199695849279575954e-01 -1.359698998379458429e-02
7.128896457825363298e-01 -1.507138021340603991e-02
7.057571793025544382e-01 -1.660154830756442948e-02
6.985739453173903657e-01 -1.818646494028567165e-02
6.913417161825449186e-01 -1.982487218014142294e-02
6.840622763423389596e-01 -2.151527106802975098e-02
6.767374218896285987e-01 -2.325591065547708350e-02
6.693689601226457953e-01 -2.504477882415055701e-02
6.619587090990747269e-01 -2.687959518901432421e-02
6.545084971874737256e-01 -2.875780636258425810e-02
6.470201626161520281e-01 -3.067658382640937181e-02
6.394955530196146931e-01 -3.263282461876130386e-02
6.319365249826864872e-01 -3.462315500520055100e-02
6.243449435824274252e-01 -3.664393725197634399e-02
6.167226819279527650e-01 -3.869127957197295020e-02
6.090716206982712544e-01 -4.076104926008863177e-02
6.013936476782563156e-01 -4.284888898053456491e-02
5.936906572928624115e-01 -4.495023611362526650e-02
5.859645501397048317e-01 -4.706034501526722841e-02
5.782172325201154761e-01 -4.917431198961809413e-02
5.704506159687913192e-01 -5.128710272532430170e-02
5.626666167821521292e-01 -5.339358189935700799e-02
5.548671555455225723e-01 -5.548854461068838950e-02
5.470541566592571625e-01 -5.756674926973099488e-02
5.392295478639225204e-01 -5.962295153934906583e-02
5.313952597646567355e-01 -6.165193889996718052e-02
5.235532253548214054e-01 -6.364856539534348434e-02
5.157053795390641460e-01 -6.560778610729119109e-02
5.078536586559103672e-01 -6.752469090722698630e-02
5.000000000000001110e-01 -6.939453703994115374e-02
4.921463413440896884e-01 -7.121278011031507982e-02
4.842946204609359095e-01 -7.297510306659227286e-02
4.764467746451786501e-01 -7.467744280383271926e-02
4.686047402353433755e-01 -7.631601404778450004e-02
4.607704521360775907e-01 -7.788733022193217170e-02
4.529458433407428375e-01 -7.938822104810509817e-02
4.451328444544774277e-01 -8.081584668288818718e-02
4.373333832178478708e-01 -8.216770824717185839e-02
4.295493840312086808e-01 -8.344165466348990590e-02
4.217827674798846349e-01 -8.463588577424162318e-02
4.140354498602952238e-01 -8.574895177238646415e-02
4.063093427071377550e-01 -8.677974903364814308e-02
3.986063523217437399e-01 -8.772751249461055445e-02
3.909283793017287456e-01 -8.859180477330572123e-02
3.832773180720473460e-01 -8.937250227705328953e-02
3.756550564175726303e-01 -9.006977858553015526e-02
3.680634750173136238e-01 -9.068408543458496285e-02
3.605044469803853624e-01 -9.121613165751531194e-02
3.529798373838480829e-01 -9.166686046488896344e-02
3.454915028125262744e-01 -9.203742546113449774e-02
3.380412909009252731e-01 -9.232916580583173938e-02
3.306310398773543713e-01 -9.254358092981615491e-02
3.232625781103714013e-01 -9.268230521094002194e-02
3.159377236576610404e-01 -9.274708300182848975e-02
3.086582838174550814e-01 -9.273974438258741904e-02
3.014260546826097453e-01 -9.266218198563985764e-02
2.942428206974456728e-01 -9.251632920831216744e-02
2.871103542174636702e-01 -9.230414009216224291e-02
2.800304150720424601e-01 -9.202757110714854250e-02
2.730047501302266255e-01 -9.168856503446427830e-02
2.660350928697133299e-01 -9.128903709512661835e-02
2.591231629491423938e-01 -9.083086342319679485e-02
2.522706657837961997e-01 -9.031587193378162737e-02
2.454792921248143966e-01 -8.974583558771150049e-02
2.387507176420255450e-01 -8.912246800795324553e-02
2.320866025105017272e-01 -8.844742135829500307e-02
2.254885910009341576e-01 -8.772228635347180392e-02
2.189583110739347083e-01 -8.694859423245912544e-02
2.124973739783607707e-01 -8.612782049378170379e-02
2.061073738537634870e-01 -8.526139016394904124e-02
1.997898873370579920e-01 -8.435068434796472170e-02
1.935464731735117572e-01 -8.339704779457263184e-02
1.873786718321474032e-01 -8.240179719869684949e-02
1.812880051256551828e-01 -8.136622995945044790e-02
1.752759758349082264e-01 -8.029163311405199122e-02
1.693440673381740869e-01 -7.917929217581184953e-02
1.634937432451133432e-01 -7.803049961769017995e-02
1.577264470356556925e-01 -7.684656276137924458e-02
1.520436017038428456e-01 -7.562881085486902744e-02
1.464466094067262691e-01 -7.437860114842648196e-02
1.409368511184055928e-01 -7.309732380914497896e-02
1.355156862892942238e-01 -7.178640554698299814e-02
1.301844525106951589e-01 -7.044731185970995457e-02
1.249444651847702037e-01 -6.908154783963324497e-02
1.197970171999845346e-01 -6.769065752057830399e-02
1.147433786121054289e-01 -6.627622177856057339e-02
1.097847963308351549e-01 -6.483985483316427600e-02
1.049224938121548489e-01 -6.338319942812999097e-02
1.001576707564547086e-01 -6.190792079841363205e-02
9.549150281252627437e-02 -6.041569955644151418e-02
9.092514128748829805e-02 -5.890822365199090832e-02
8.645971286271908474e-02 -5.738717957767271866e-02
8.209631931586486298e-02 -5.585424300513106705e-02
7.783603724899246235e-02 -5.431106904561119886e-02
7.367991782295391090e-02 -5.275928233244470827e-02
6.962898649802817808e-02 -5.120046712228840113e-02
6.568424278090440049e-02 -4.963615760679986749e-02
6.184665997806820803e-02 -4.806782861707791649e-02
5.811718495565326714e-02 -4.649688688999307346e-02
5.449673790581605060e-02 -4.492466304889574519e-02
5.098621211969217581e-02 -4.335240443162642621e-02
4.758647376699026710e-02 -4.178126887679520229e-02
4.429836168227735405e-02 -4.021231955556012205e-02
4.112268715800942998e-02 -3.864652091122231653e-02
3.806023374435663076e-02 -3.708473574350739516e-02
3.511175705587432638e-02 -3.552772344905610197e-02
3.227798458506631052e-02 -3.397613940500066043e-02
2.955961552288727257e-02 -3.243053545914948571e-02
2.695732058622735128e-02 -3.089136146876838088e-02
2.447174185242323441e-02 -2.935896781071247949e-02
2.210349260083493972e-02 -2.783360876913020324e-02
1.985315716152846743e-02 -2.631544669346933332e-02
1.772129077110096151e-02 -2.480455680929917472e-02
1.570841943568446197e-02 -2.330093255769229849e-02
1.381503980116172148e-02 -2.180449133563872044e-02
1.204161903062628269e-02 -2.031508051017861735e-02
1.038859468911712547e-02 -1.883248358251679230e-02
8.856374635655639427e-03 -1.735642638512587682e-02
7.445336922613066122e-03 -1.588658320447949510e-02
6.155829702431114825e-03 -1.442258273422577022e-02
4.988171141721231550e-03 -1.296401377791852987e-02
3.942649342761062048e-03 -1.151043063639356663e-02
3.019522272410146702e-03 -1.006135813203392140e-02
2.219017698460001853e-03 -8.616296239970240578e-03
1.541333133436018077e-03 -7.174724314202388445e-03
9.866357858642205159e-04 -5.736104914161871751e-03
5.550625190149927057e-04 -4.299887253865210604e-03
2.467198171341999924e-04 -2.865510311053802873e-03
6.168375916970614270e-05 -1.432405647139472094e-03
0.000000000000000000e+00 0.000000000000000000e+00
6.168375916970614270e-05 1.722160066646763986e-03
2.467198171341999924e-04 3.447413281476722439e-03
5.550625190149927057e-04 5.178684416112079927e-03
9.866357858642205159e-04 6.918809009288687598e-03
1.541333133436018077e-03 8.670490637911353396e-03
2.219017698460001853e-03 1.043626039419640571e-02
3.019522272410146702e-03 1.221843923742273706e-02
3.942649342761062048e-03 1.401910383328778403e-02
4.988171141721231550e-03 1.584005642661960936e-02
6.155829702431114825e-03 1.768279921561000112e-02
7.445336922613066122e-03 1.954851360938909127e-02
8.856374635655639427e-03 2.143804465741565302e-02
1.038859468911712547e-02 2.335189084072409119e-02
1.204161903062628269e-02 2.529019931352799455e-02
1.381503980116172148e-02 2.725276658111597250e-02
1.570841943568446197e-02 2.923904449843592324e-02
1.772129077110096151e-02 3.124815137531885417e-02
1.985315716152846743e-02 3.327888788089625877e-02
2.210349260083493972e-02 3.532975735329618033e-02
2.447174185242323441e-02 3.739899004286384443e-02
2.695732058622735128e-02 3.948457074947520767e-02
2.955961552288727257e-02 4.158426925830651516e-02
3.227798458506631052e-02 4.369567293475177389e-02
3.511175705587432638e-02 4.581622080885348197e-02
3.806023374435663076e-02 4.794323846313850584e-02
4.112268715800942998e-02 5.007397303537547417e-02
4.429836168227735405e-02 5.220562765941395150e-02
4.758647376699026710e-02 5.433539469258538701e-02
5.098621211969217581e-02 5.646048711649455376e-02
5.449673790581605060e-02 5.857816754850916907e-02
5.811718495565326714e-02 6.068577436269727288e-02
6.184665997806820803e-02 6.278074449000896340e-02
6.568424278090440049e-02 6.486063254656321275e-02
6.962898649802817808e-02 6.692312602426292445e-02
7.367991782295391090e-02 6.896605636778059545e-02
7.783603724899246235e-02 7.098740585428424399e-02
8.209631931586486298e-02 7.298531028516322405e-02
8.645971286271908474e-02 7.495805759047567685e-02
9.092514128748829805e-02 7.690408253496926194e-02
9.549150281252627437e-02 7.882195779746593856e-02
1.001576707564547086e-01 8.071038177145493930e-02
1.049224938121548489e-01 8.256816350232064339e-02
1.097847963308351549e-01 8.439420523440450961e-02
1.147433786121054289e-01 8.618748308788759527e-02
1.197970171999845346e-01 8.794702642039999019e-02
1.249444651847702037e-01 8.967189645064460590e-02
1.301844525106951589e-01 9.136116473081665190e-02
1.355156862892942238e-01 9.301389205108542835e-02
1.409368511184055928e-01 9.462910834308616015e-02
1.464466094067262691e-01 9.620579412069119041e-02
1.520436017038428456e-01 9.774286395601154698e-02
1.577264470356556925e-01 9.923915243759147409e-02
1.634937432451133432e-01 1.006934029972776923e-01
1.693440673381740869e-01 1.021042599236653414e-01
1.752759758349082264e-01 1.034702638048747153e-01
1.812880051256551828e-01 1.047898505633969024e-01
1.873786718321474032e-01 1.060613541626113376e-01
1.935464731735117572e-01 1.072830129801736337e-01
1.997898873370579920e-01 1.084529797596167633e-01
2.061073738537634870e-01 1.095693349700477964e-01
2.124973739783607707e-01 1.106301033264826539e-01
2.189583110739347083e-01 1.116332731518225180e-01
2.254885910009341576e-01 1.125768181972345156e-01
2.320866025105017272e-01 1.134587214821192319e-01
2.387507176420255450e-01 1.142770006690790180e-01
2.454792921248143966e-01 1.150297344542712680e-01
2.522706657837961997e-01 1.157150894299466132e-01
2.591231629491423938e-01 1.163313468642703935e-01
2.660350928697133299e-01 1.168769288438811088e-01
2.730047501302266255e-01 1.173504232369940448e-01
2.800304150720424601e-01 1.177506069588511312e-01
2.871103542174636702e-01 1.180764670563699548e-01
2.942428206974456728e-01 1.183272191741340240e-01
3.014260546826097453e-01 1.185023230183474413e-01
3.086582838174550814e-01 1.186014944978120017e-01
3.159377236576610404e-01 1.186247142899900103e-01
3.232625781103714013e-01 1.185722326542430621e-01
3.306310398773543713e-01 1.184445703917725162e-01
3.380412909009252731e-01 1.182425159309259677e-01
3.454915028125262744e-01 1.179671185956668450e-01
3.529798373838480829e-01 1.176196781924248036e-01
3.605044469803853624e-01 1.172017311245866500e-01
3.680634750173136238e-01 1.167150333129952505e-01
3.756550564175726303e-01 1.161615402635317734e-01
3.832773180720473460e-01 1.155433846778633061e-01
3.909283793017287456e-01 1.148628520496203231e-01
3.986063523217437399e-01 1.141223547246989489e-01
4.063093427071377550e-01 1.133244049303451517e-01
4.140354498602952238e-01 1.124715872927114779e-01
4.217827674798846349e-01 1.115665313664346847e-01
4.295493840312086808e-01 1.106118846924882826e-01
4.373333832178478708e-01 1.096102868823563836e-01
4.451328444544774277e-01 1.085643451979671908e-01
4.529458433407428375e-01 1.074766120585064905e-01
4.607704521360775907e-01 1.063495648581389563e-01
4.686047402353433755e-01 1.051855884238968586e-01
4.764467746451786501e-01 1.039869603818114469e-01
4.842946204609359095e-01 1.027558396331606089e-01
4.921463413440896884e-01 1.014942580729746718e-01
5.000000000000001110e-01 1.002041156112300491e-01
5.078536586559103672e-01 9.888717848507397323e-02
5.157053795390641460e-01 9.754508077950824196e-02
5.235532253548214054e-01 9.617932900579800881e-02
5.313952597646567355e-01 9.479130952289285816e-02
5.392295478639225204e-01 9.338229852873915215e-02
5.470541566592571625e-01 9.195347429673920991e-02
5.548671555455225723e-01 9.050593128884355798e-02
5.626666167821521292e-01 8.904069574173369139e-02
5.704506159687913192e-01 8.755874229694296518e-02
5.782172325201154761e-01 8.606101123004088194e-02
5.859645501397048317e-01 8.454842582841938514e-02
5.936906572928624115e-01 8.302190947177898184e-02
6.013936476782563156e-01 8.148240198391730471e-02
6.090716206982712544e-01 7.993087484843840185e-02
6.167226819279527650e-01 7.836834491389824131e-02
6.243449435824274252e-01 7.679588625484846942e-02
6.319365249826864872e-01 7.521463990323885851e-02
6.394955530196146931e-01 7.362582121854124861e-02
6.470201626161520281e-01 7.203072472349127120e-02
6.545084971874737256e-01 7.043072629415020325e-02
6.619587090990747269e-01 6.882728265663964895e-02
6.693689601226457953e-01 6.722192820694861126e-02
6.767374218896285987e-01 6.561626923320257321e-02
6.840622763423389596e-01 6.401197568030865537e-02
6.913417161825449186e-01 6.241077065360337017e-02
6.985739453173903657e-01 6.081441790978314721e-02
7.057571793025544382e-01 5.922470762886917345e-02
7.128896457825363298e-01 5.764344079927713471e-02
7.199695849279575954e-01 5.607241257841998061e-02
7.269952498697733745e-01 5.451339501305562524e-02
7.339649071302868366e-01 5.296811951638111249e-02
7.408768370508577172e-01 5.143825950245908829e-02
7.477293342162038003e-01 4.992541357294082160e-02
7.545207078751856589e-01 4.843108963643254217e-02
7.612492823579743995e-01 4.695669031764335838e-02
7.679133974894984949e-01 4.550349998226153186e-02
7.745114089990658979e-01 4.407267366510666390e-02
7.810416889260654028e-01 4.266522814443203526e-02
7.875026260216393403e-01 4.128203535538399471e-02
7.938926261462364575e-01 3.992381828173204722e-02
8.002101126629421746e-01 3.859114940834169893e-02
8.064535268264882983e-01 3.728445175877919543e-02
8.126213281678525968e-01 3.600400248425431049e-02
8.187119948743448727e-01 3.474993891316206091e-02
8.247240241650917181e-01 3.352226691605844633e-02
8.306559326618260242e-01 3.232087139023567812e-02
8.365062567548866568e-01 3.114552862227338778e-02
8.422735529643443630e-01 2.999592024704412704e-02
8.479563982961570989e-01 2.887164848851809032e-02
8.535533905932737309e-01 2.777225234204086859e-02
8.590631488815945183e-01 2.669722434008912904e-02
8.644843137107058872e-01 2.564602753417687814e-02
8.698155474893048966e-01 2.461811232474405906e-02
8.750555348152297963e-01 2.361293277845879016e-02
8.802029828000155209e-01 2.262996208816400387e-02
8.852566213878947377e-01 2.166870685427042115e-02
8.902152036691648451e-01 2.072871989713528235e-02
8.950775061878452066e-01 1.980961134710469349e-02
8.998423292435453469e-01 1.891105780152904300e-02
9.045084971874737256e-01 1.803280938515399237e-02
9.090748587125118130e-01 1.717469460072328785e-02
9.135402871372809708e-01 1.633662290920480376e-02
9.179036806841351925e-01 1.551858503253230118e-02
9.221639627510075377e-01 1.472065102489465878e-02
9.263200821770462001e-01 1.394296621016411289e-02
9.303710135019718219e-01 1.318574513185018574e-02
9.343157572190956550e-01 1.244926370687509005e-02
9.381533400219317365e-01 1.173384981447363022e-02
9.418828150443467884e-01 1.103987258572079397e-02
9.455032620941840049e-01 1.036773068683033427e-02
9.490137878803078797e-01 9.717839909839712936e-03
9.524135262330097884e-01 9.090620397176637710e-03
9.557016383177225904e-01 8.486483831632871469e-03
9.588773128419905145e-01 7.905820920391194717e-03
9.619397662556434803e-01 7.348989491078159256e-03
9.648882429441256736e-01 6.816303499651342988e-03
9.677220154149337450e-01 6.308023224749962840e-03
9.704403844771127829e-01 5.824346891582949173e-03
9.730426794137726487e-01 5.365403931277461756e-03
9.755282581475768211e-01 4.931250039784124649e-03
9.778965073991651158e-01 4.521864154943366736e-03
9.801468428384715326e-01 4.137147422265240009e-03
9.822787092288990385e-01 3.776924170516923578e-03
9.842915805643155380e-01 3.440944868531413056e-03
9.861849601988383895e-01 3.128890985932433408e-03
9.879583809693737173e-01 2.840381633872301331e-03
9.896114053108828745e-01 2.574981818502333243e-03
9.911436253643444161e-01 2.332212100764942137e-03
9.925546630773869339e-01 2.111559422128296559e-03
9.938441702975688852e-01 1.912488827874810754e-03
9.950118288582787685e-01 1.734455798153468863e-03
9.960573506572389935e-01 1.576918882702157097e-03
9.969804777275899088e-01 1.439352328266412830e-03
9.977809823015399981e-01 1.321258388425087735e-03
9.984586668665640374e-01 1.222179013750990684e-03
9.990133642141357795e-01 1.141706635768284083e-03
9.994449374809850628e-01 1.079493780632279467e-03
9.997532801828658000e-01 1.035261277300486170e-03
9.999383162408302939e-01 1.008804859480738614e-03
1.000000000000000000e+00 1.000000000000000021e-03
