1.000000000000000000e+00 -1.000000000000000021e-03
9.999383162408302939e-01 -1.006172665735428429e-03
9.997532801828658000e-01 -1.024610110836612908e-03
9.994449374809850628e-01 -1.055072097805779098e-03
9.990133642141357795e-01 -1.097162942834637887e-03
9.984586668665640374e-01 -1.150338523234177871e-03
9.977809823015399981e-01 -1.213915967329572869e-03
9.969804777275899088e-01 -1.287085907932752297e-03
9.960573506572389935e-01 -1.368927148833804907e-03
9.950118288582787685e-01 -1.458423563769329539e-03
9.938441702975688852e-01 -1.554483019373867261e-03
9.925546630773869339e-01 -1.655958088017134939e-03
9.911436253643444161e-01 -1.761668293470716783e-03
9.896114053108828745e-01 -1.870423612301686097e-03
9.879583809693737173e-01 -1.981048936992755530e-03
9.861849601988383895e-01 -2.092409193245515879e-03
9.842915805643155380e-01 -2.203434793900905294e-03
9.822787092288990385e-01 -2.313147105542130363e-03
9.801468428384715326e-01 -2.420683601219279953e-03
9.778965073991651158e-01 -2.525322373901684337e-03
9.755282581475768211e-01 -2.626505690231971737e-03
9.730426794137726487e-01 -2.723862272888327891e-03
9.704403844771127829e-01 -2.817228012281014059e-03
9.677220154149337450e-01 -2.906664824294087623e-03
9.648882429441256736e-01 -2.992477390170294842e-03
9.619397662556434803e-01 -3.075227537222279504e-03
9.588773128419905145e-01 -3.155746044593240630e-03
9.557016383177225904e-01 -3.235141686504602269e-03
9.524135262330097884e-01 -3.314807356003787123e-03
9.490137878803078797e-01 -3.396423144815251781e-03
9.455032620941840049e-01 -3.481956289131292719e-03
9.418828150443467884e-01 -3.573657926659023869e-03
9.381533400219317365e-01 -3.674056646552066423e-03
9.343157572190956550e-01 -3.785948850571080933e-03
9.303710135019718219e-01 -3.912385980498693516e-03
9.263200821770462001e-01 -4.056658703039948619e-03
9.221639627510075377e-01 -4.222278178730411863e-03
9.179036806841351925e-01 -4.412954575317392866e-03
9.135402871372809708e-01 -4.632573018257644601e-03
9.090748587125118130e-01 -4.885167200985813217e-03
9.045084971874737256e-01 -5.174890905076783183e-03
8.998423292435453469e-01 -5.505987705003954034e-03
8.950775061878452066e-01 -5.882759153572546598e-03
8.902152036691648451e-01 -6.309531762007786898e-03
8.852566213878947377e-01 -6.790623102872091893e-03
8.802029828000155209e-01 -7.330307374288286444e-03
8.750555348152297963e-01 -7.932780770222577077e-03
8.698155474893048966e-01 -8.602127003750150575e-03
8.644843137107058872e-01 -9.342283328255896260e-03
8.590631488815945183e-01 -1.015700739544121538e-02
8.535533905932737309e-01 -1.104984527889265634e-02
8.479563982961570989e-01 -1.202410097795493862e-02
8.422735529643443630e-01 -1.308280769892502388e-02
8.365062567548866568e-01 -1.422870118938267606e-02
8.306559326618260242e-01 -1.546419537708058206e-02
8.247240241650917181e-01 -1.679136053756204172e-02
8.187119948743448727e-01 -1.821190418491993798e-02
8.126213281678525968e-01 -1.972715484826525686e-02
8.064535268264882983e-01 -2.133804886295482747e-02
8.002101126629421746e-01 -2.304512027090168877e-02
7.938926261462364575e-01 -2.484849388881117671e-02
7.875026260216393403e-01 -2.674788156743661618e-02
7.810416889260654028e-01 -2.874258162940754660e-02
7.745114089990658979e-01 -3.083148143831469443e-02
7.679133974894984949e-01 -3.301306301801572307e-02
7.612492823579743995e-01 -3.528541160898000795e-02
7.545207078751856589e-01 -3.764622701834199892e-02
7.477293342162038003e-01 -4.009283759257017271e-02
7.408768370508577172e-01 -4.262221661661137750e-02
7.339649071302868366e-01 -4.523100092136286832e-02
7.269952498697733745e-01 -4.791551146259220156e-02
7.199695849279575954e-01 -5.067177561918452533e-02
7.128896457825363298e-01 -5.349555094699495750e-02
7.057571793025544382e-01 -5.638235011670775926e-02
6.985739453173903657e-01 -5.932746676000230646e-02
6.913417161825449186e-01 -6.232600194796401871e-02
6.840622763423389596e-01 -6.537289102898892479e-02
6.767374218896285987e-01 -6.846293056027198676e-02
6.693689601226457953e-01 -7.159080507716353292e-02
6.619587090990747269e-01 -7.475111345798199358e-02
6.545084971874737256e-01 -7.793839465801420674e-02
6.470201626161520281e-01 -8.114715260508954808e-02
6.394955530196146931e-01 -8.437188006993306955e-02
6.319365249826864872e-01 -8.760708134710139261e-02
6.243449435824274252e-01 -9.084729360628494843e-02
6.167226819279527650e-01 -9.408710679869802807e-02
6.090716206982712544e-01 -9.732118202876000046e-02
6.013936476782563156e-01 -1.005442683268621684e-01
5.936906572928624115e-01 -1.037512177843134126e-01
5.859645501397048317e-01 -1.069369990361455497e-01
5.782172325201154761e-01 -1.100967091009747018e-01
5.704506159687913192e-01 -1.132255836091891066e-01
5.626666167821521292e-01 -1.163190054710575294e-01
5.548671555455225723e-01 -1.193725120546400564e-01
5.470541566592571625e-01 -1.223818009593974770e-01
5.392295478639225204e-01 -1.253427344849437353e-01
5.313952597646567355e-01 -1.282513429053243337e-01
5.235532253548214054e-01 -1.311038266674420805e-01
5.157053795390641460e-01 -1.338965576377419975e-01
5.078536586559103672e-01 -1.366260795240296089e-01
5.000000000000001110e-01 -1.392891075993820948e-01
4.921463413440896884e-01 -1.418825278526333611e-01
4.842946204609359095e-01 -1.444033956850254430e-01
4.764467746451786501e-01 -1.468489342655186769e-01
4.686047402353433755e-01 -1.492165326481601217e-01
4.607704521360775907e-01 -1.515037437441212054e-01
4.529458433407428375e-01 -1.537082822287791917e-01
4.451328444544774277e-01 -1.558280224508901690e-01
4.373333832178478708e-01 -1.578609963967809449e-01
4.295493840312086808e-01 -1.598053917479185515e-01
4.217827674798846349e-01 -1.616595500555403631e-01
4.140354498602952238e-01 -1.634219650415631719e-01
4.063093427071377550e-01 -1.650912810210696524e-01
3.986063523217437399e-01 -1.666662914285839681e-01
3.909283793017287456e-01 -1.681459374183726652e-01
3.832773180720473460e-01 -1.695293064984113862e-01
3.756550564175726303e-01 -1.708156311486180856e-01
3.680634750173136238e-01 -1.720042873666927097e-01
3.605044469803853624e-01 -1.730947930795217471e-01
3.529798373838480829e-01 -1.740868063547323097e-01
3.454915028125262744e-01 -1.749801233456320937e-01
3.380412909009252731e-01 -1.757746759034936046e-01
3.306310398773543713e-01 -1.764705287938689027e-01
3.232625781103714013e-01 -1.770678764582941656e-01
3.159377236576610404e-01 -1.775670392692316191e-01
3.086582838174550814e-01 -1.779684592342651306e-01
3.014260546826097453e-01 -1.782726951151891726e-01
2.942428206974456728e-01 -1.784804169385363348e-01
2.871103542174636702e-01 -1.785923998859925421e-01
2.800304150720424601e-01 -1.786095175658127532e-01
2.730047501302266255e-01 -1.785327346794864656e-01
2.660350928697133299e-01 -1.783630991112272191e-01
2.591231629491423938e-01 -1.781017334810918173e-01
2.522706657837961997e-01 -1.777498262153793251e-01
2.454792921248143966e-01 -1.773086222001473700e-01
2.387507176420255450e-01 -1.767794130949605913e-01
2.320866025105017272e-01 -1.761635273940993784e-01
2.254885910009341576e-01 -1.754623203311919677e-01
2.189583110739347083e-01 -1.746771637304270763e-01
2.124973739783607707e-01 -1.738094359129572497e-01
2.061073738537634870e-01 -1.728605117707359418e-01
1.997898873370579920e-01 -1.718317531217445349e-01
1.935464731735117572e-01 -1.707244994603027421e-01
1.873786718321474032e-01 -1.695400592139336138e-01
1.812880051256551828e-01 -1.682797016140900603e-01
1.752759758349082264e-01 -1.669446492820053085e-01
1.693440673381740869e-01 -1.655360716231439600e-01
1.634937432451133432e-01 -1.640550791142880716e-01
1.577264470356556925e-01 -1.625027185564240917e-01
1.520436017038428456e-01 -1.608799693544364362e-01
1.464466094067262691e-01 -1.591877408714306164e-01
1.409368511184055928e-01 -1.574268708914922377e-01
1.355156862892942238e-01 -1.555981252101306667e-01
1.301844525106951589e-01 -1.537021983567636307e-01
1.249444651847702037e-01 -1.517397154386740665e-01
1.197970171999845346e-01 -1.497112350811363735e-01
1.147433786121054289e-01 -1.476172534241302348e-01
1.097847963308351549e-01 -1.454582091224657370e-01
1.049224938121548489e-01 -1.432344892834462313e-01
1.001576707564547086e-01 -1.409464362646185298e-01
9.549150281252627437e-02 -1.385943552438328452e-01
9.092514128748829805e-02 -1.361785224649610659e-01
8.645971286271908474e-02 -1.336991940552608449e-01
8.209631931586486298e-02 -1.311566153046684891e-01
7.783603724899246235e-02 -1.285510302932561522e-01
7.367991782295391090e-02 -1.258826917507752108e-01
6.962898649802817808e-02 -1.231518710315617215e-01
6.568424278090440049e-02 -1.203588680891222035e-01
6.184665997806820803e-02 -1.175040213373205883e-01
5.811718495565326714e-02 -1.145877172892041385e-01
5.449673790581605060e-02 -1.116103998699738004e-01
5.098621211969217581e-02 -1.085725793073233358e-01
4.758647376699026710e-02 -1.054748405101353509e-01
4.429836168227735405e-02 -1.023178508552059912e-01
4.112268715800942998e-02 -9.910236731105297181e-02
3.806023374435663076e-02 -9.582924283776948771e-02
3.511175705587432638e-02 -9.249943201214269606e-02
3.227798458506631052e-02 -8.911399583764223475e-02
2.955961552288727257e-02 -8.567410570925226843e-02
2.695732058622735128e-02 -8.218104651327631793e-02
2.447174185242323441e-02 -7.863621885204684359e-02
2.210349260083493972e-02 -7.504114039276513215e-02
1.985315716152846743e-02 -7.139744634837830173e-02
1.772129077110096151e-02 -6.770688910634460600e-02
1.570841943568446197e-02 -6.397133702829499446e-02
1.381503980116172148e-02 -6.019277244988271297e-02
1.204161903062628269e-02 -5.637328891551627447e-02
1.038859468911712547e-02 -5.251508768716715153e-02
8.856374635655639427e-03 -4.862047357005278708e-02
7.445336922613066122e-03 -4.469185010075389652e-02
6.155829702431114825e-03 -4.073171414526797346e-02
4.988171141721231550e-03 -3.674264995572638914e-02
3.942649342761062048e-03 -3.272732273505340322e-02
3.019522272410146702e-03 -2.868847175886258746e-02
2.219017698460001853e-03 -2.462890310341652941e-02
1.541333133436018077e-03 -2.055148202768243559e-02
9.866357858642205159e-04 -1.645912505645473478e-02
5.550625190149927057e-04 -1.235479181032730564e-02
2.467198171341999924e-04 -8.241476627066377306e-03
6.168375916970614270e-05 -4.122200017750920001e-03
0.000000000000000000e+00 0.000000000000000000e+00
6.168375916970614270e-05 4.187723359684281457e-03
2.467198171341999924e-04 8.375600812470480189e-03
5.550625190149927057e-04 1.256216693999917533e-02
9.866357858642205159e-04 1.674592069615376058e-02
1.541333133436018077e-03 2.092530873129305399e-02
2.219017698460001853e-03 2.509870982399139971e-02
3.019522272410146702e-03 2.926442075474922078e-02
3.942649342761062048e-03 3.342064392733140599e-02
4.988171141721231550e-03 3.756547700849895838e-02
6.155829702431114825e-03 4.169690481664509868e-02
7.445336922613066122e-03 4.581279364504696472e-02
8.856374635655639427e-03 4.991088815700012865e-02
1.038859468911712547e-02 5.398881093903543094e-02
1.204161903062628269e-02 5.804406474571296992e-02
1.381503980116172148e-02 6.207403741627769145e-02
1.570841943568446197e-02 6.607600939076317681e-02
1.772129077110096151e-02 7.004716370206416631e-02
1.985315716152846743e-02 7.398459827204706407e-02
2.210349260083493972e-02 7.788534029493988931e-02
2.447174185242323441e-02 8.174636245091221332e-02
2.695732058622735128e-02 8.556460065772959755e-02
2.955961552288727257e-02 8.933697303934047540e-02
3.227798458506631052e-02 9.306039976777374934e-02
3.511175705587432638e-02 9.673182341924452254e-02
3.806023374435663076e-02 1.003482294771358835e-01
4.112268715800942998e-02 1.039066666137055395e-01
4.429836168227735405e-02 1.074042663889145793e-01
4.758647376699026710e-02 1.108382620185324324e-01
5.098621211969217581e-02 1.142060058843094306e-01
5.449673790581605060e-02 1.175049854860738263e-01
5.811718495565326714e-02 1.207328375684935257e-01
6.184665997806820803e-02 1.238873601932702767e-01
6.568424278090440049e-02 1.269665225698597133e-01
6.962898649802817808e-02 1.299684725035570032e-01
7.367991782295391090e-02 1.328915413680082924e-01
7.783603724899246235e-02 1.357342465588590452e-01
8.209631931586486298e-02 1.384952914353488884e-01
8.645971286271908474e-02 1.411735628061354386e-01
9.092514128748829805e-02 1.437681260634939839e-01
9.549150281252627437e-02 1.462782181152993133e-01
1.001576707564547086e-01 1.487032383059647134e-01
1.049224938121548489e-01 1.510427375549199536e-01
1.097847963308351549e-01 1.532964059735632267e-01
1.147433786121054289e-01 1.554640592482464112e-01
1.197970171999845346e-01 1.575456240972911148e-01
1.249444651847702037e-01 1.595411231238711702e-01
1.301844525106951589e-01 1.614506593936430590e-01
1.355156862892942238e-01 1.632744010661434653e-01
1.409368511184055928e-01 1.650125664022774885e-01
1.464466094067262691e-01 1.666654094568912337e-01
1.520436017038428456e-01 1.682332067457903146e-01
1.577264470356556925e-01 1.697162451511052272e-01
1.634937432451133432e-01 1.711148112981998037e-01
1.693440673381740869e-01 1.724291826020739604e-01
1.752759758349082264e-01 1.736596201421753416e-01
1.812880051256551828e-01 1.748063634826182433e-01
1.873786718321474032e-01 1.758696275108555529e-01
1.935464731735117572e-01 1.768496013228741393e-01
1.997898873370579920e-01 1.777464491378718814e-01
2.061073738537634870e-01 1.785603131811603628e-01
2.124973739783607707e-01 1.792913184315629294e-01
2.189583110739347083e-01 1.799395790898035141e-01
2.254885910009341576e-01 1.805052065880633494e-01
2.320866025105017272e-01 1.809883189287958272e-01
2.387507176420255450e-01 1.813890511136599659e-01
2.454792921248143966e-01 1.817075664015902203e-01
2.522706657837961997e-01 1.819440681189864462e-01
2.591231629491423938e-01 1.820988117350668956e-01
2.660350928697133299e-01 1.821721169117158090e-01
2.730047501302266255e-01 1.821643792397288353e-01
2.800304150720424601e-01 1.820760813820652968e-01
2.871103542174636702e-01 1.819078033593282129e-01
2.942428206974456728e-01 1.816602317328474270e-01
3.014260546826097453e-01 1.813341674659412206e-01
3.086582838174550814e-01 1.809305322735969002e-01
3.159377236576610404e-01 1.804503733042706615e-01
3.232625781103714013e-01 1.798948660339953209e-01
3.306310398773543713e-01 1.792653152917044190e-01
3.380412909009252731e-01 1.785631543747757954e-01
3.454915028125262744e-01 1.777899422543932628e-01
3.529798373838480829e-01 1.769473589105596267e-01
3.605044469803853624e-01 1.760371988755876638e-01
3.680634750173136238e-01 1.750613631018494709e-01
3.756550564175726303e-01 1.740218493036900238e-01
3.832773180720473460e-01 1.729207409540070850e-01
3.909283793017287456e-01 1.717601951424544415e-01
3.986063523217437399e-01 1.705424295240076937e-01
4.063093427071377550e-01 1.692697086033154441e-01
4.140354498602952238e-01 1.679443296115566975e-01
4.217827674798846349e-01 1.665686082382328570e-01
4.295493840312086808e-01 1.651448644803915899e-01
4.373333832178478708e-01 1.636754088662540629e-01
4.451328444544774277e-01 1.621625292992988632e-01
4.529458433407428375e-01 1.606084787528137547e-01
4.607704521360775907e-01 1.590154640241850936e-01
4.686047402353433755e-01 1.573856357332445721e-01
4.764467746451786501e-01 1.557210797204195141e-01
4.842946204609359095e-01 1.540238099689038576e-01
4.921463413440896884e-01 1.522957631412911461e-01
5.000000000000001110e-01 1.505387947858453923e-01
5.078536586559103672e-01 1.487546772316298560e-01
5.157053795390641460e-01 1.469450991558232666e-01
5.235532253548214054e-01 1.451116667715481034e-01
5.313952597646567355e-01 1.432559065511307128e-01
5.392295478639225204e-01 1.413792693686420077e-01
5.470541566592571625e-01 1.394831359174641128e-01
5.548671555455225723e-01 1.375688232340793182e-01
5.626666167821521292e-01 1.356375921387687200e-01
5.704506159687913192e-01 1.336906553878436654e-01
5.782172325201154761e-01 1.317291863207054325e-01
5.859645501397048317e-01 1.297543277786283034e-01
5.936906572928624115e-01 1.277672010707689987e-01
6.013936476782563156e-01 1.257689147664831086e-01
6.090716206982712544e-01 1.237605731014401467e-01
6.167226819279527650e-01 1.217432837980228916e-01
6.243449435824274252e-01 1.197181651177281481e-01
6.319365249826864872e-01 1.176863519843198425e-01
6.394955530196146931e-01 1.156490010408075392e-01
6.470201626161520281e-01 1.136072945303493731e-01
6.545084971874737256e-01 1.115624429202757839e-01
6.619587090990747269e-01 1.095156862189223257e-01
6.693689601226457953e-01 1.074682939661522063e-01
6.767374218896285987e-01 1.054215639096316853e-01
6.840622763423389596e-01 1.033768194094043524e-01
6.913417161825449186e-01 1.013354056424141947e-01
6.985739453173903657e-01 9.929868470572081329e-02
7.057571793025544382e-01 9.726802974164991400e-02
7.128896457825363298e-01 9.524481822951201548e-02
7.199695849279575954e-01 9.323042460635749817e-02
7.269952498697733745e-01 9.122621239316149044e-02
7.339649071302868366e-01 8.923352601258315031e-02
7.408768370508577172e-01 8.725368248984920194e-02
7.477293342162038003e-01 8.528796322930401463e-02
7.545207078751856589e-01 8.333760605578345582e-02
7.612492823579743995e-01 8.140379770232621104e-02
7.679133974894984949e-01 7.948766691407280205e-02
7.745114089990658979e-01 7.759027832281938097e-02
7.810416889260654028e-01 7.571262722798924316e-02
7.875026260216393403e-01 7.385563539822728729e-02
7.938926261462364575e-01 7.202014798392215866e-02
8.002101126629421746e-01 7.020693160530255827e-02
8.064535268264882983e-01 6.841667365393212796e-02
8.126213281678525968e-01 6.664998281806304437e-02
8.187119948743448727e-01 6.490739081504226515e-02
8.247240241650917181e-01 6.318935528739685892e-02
8.306559326618260242e-01 6.149626379396836567e-02
8.365062567548866568e-01 5.982843880407009984e-02
8.422735529643443630e-01 5.818614358161501576e-02
8.479563982961570989e-01 5.656958882796481181e-02
8.535533905932737309e-01 5.497893993724772832e-02
8.590631488815945183e-01 5.341432470640153363e-02
8.644843137107058872e-01 5.187584133442424417e-02
8.698155474893048966e-01 5.036356654139757111e-02
8.750555348152297963e-01 4.887756363782227997e-02
8.802029828000155209e-01 4.741789037862137457e-02
8.852566213878947377e-01 4.598460644368924238e-02
8.902152036691648451e-01 4.457778039786984559e-02
8.950775061878452066e-01 4.319749599743397811e-02
8.998423292435453469e-01 4.184385772712725937e-02
9.045084971874737256e-01 4.051699547123979728e-02
9.090748587125118130e-01 3.921706824343259429e-02
9.135402871372809708e-01 3.794426692271657409e-02
9.179036806841351925e-01 3.669881596647569383e-02
9.221639627510075377e-01 3.548097409519804929e-02
9.263200821770462001e-01 3.429103396706413565e-02
9.303710135019718219e-01 3.312932088320002383e-02
9.343157572190956550e-01 3.199619058570818408e-02
9.381533400219317365e-01 3.089202623006560150e-02
9.418828150443467884e-01 2.981723463068495367e-02
9.455032620941840049e-01 2.877224189300482682e-02
9.490137878803078797e-01 2.775748855709080781e-02
9.524135262330097884e-01 2.677342438616621759e-02
9.557016383177225904e-01 2.582050293858265816e-02
9.588773128419905145e-01 2.489917606341958412e-02
9.619397662556434803e-01 2.400988845817026568e-02
9.648882429441256736e-01 2.315307242192072082e-02
9.677220154149337450e-01 2.232914292922255628e-02
9.704403844771127829e-01 2.153849313874750884e-02
9.730426794137726487e-01 2.078149043708910071e-02
9.755282581475768211e-01 2.005847310212788281e-02
9.778965073991651158e-01 1.936974765260711037e-02
9.801468428384715326e-01 1.871558693144296376e-02
9.822787092288990385e-01 1.809622895030238432e-02
9.842915805643155380e-01 1.751187650262624879e-02
9.861849601988383895e-01 1.696269753206522402e-02
9.879583809693737173e-01 1.644882622373226161e-02
9.896114053108828745e-01 1.597036476723747225e-02
9.911436253643444161e-01 1.552738572361181055e-02
9.925546630773869339e-01 1.511993491334766987e-02
9.938441702975688852e-01 1.474803473024637566e-02
9.950118288582787685e-01 1.441168777586044822e-02
9.960573506572389935e-01 1.411088070227440802e-02
9.969804777275899088e-01 1.384558814694711315e-02
9.977809823015399981e-01 1.361577664241098162e-02
9.984586668665640374e-01 1.342140838580007690e-02
9.990133642141357795e-01 1.326244475837872958e-02
9.994449374809850628e-01 1.313884949331806107e-02
9.997532801828658000e-01 1.305059140069958316e-02
9.999383162408302939e-01 1.299764657182085961e-02
1.000000000000000000e+00 1.298000000000000022e-02
