1.000000000000000000e+00 -6.130000000000000032e-03
9.999383162408302939e-01 -6.118294662418745540e-03
9.997532801828658000e-01 -6.083232532475522925e-03
9.994449374809850628e-01 -6.024974997249285535e-03
9.990133642141357795e-01 -5.943790168956623876e-03
9.984586668665640374e-01 -5.840051602378771613e-03
9.977809823015399981e-01 -5.714236532515131958e-03
9.969804777275899088e-01 -5.566923664926162404e-03
9.960573506572389935e-01 -5.398790559382897307e-03
9.950118288582787685e-01 -5.210610654783945882e-03
9.938441702975688852e-01 -5.003249989675990009e-03
9.925546630773869339e-01 -4.777663677987846122e-03
9.911436253643444161e-01 -4.534892203642670871e-03
9.896114053108828745e-01 -4.276057600449131163e-03
9.879583809693737173e-01 -4.002359585020489989e-03
9.861849601988383895e-01 -3.715071710375347433e-03
9.842915805643155380e-01 -3.415537606316329348e-03
9.822787092288990385e-01 -3.105167369659846827e-03
9.801468428384715326e-01 -2.785434162931653673e-03
9.778965073991651158e-01 -2.457871074303964818e-03
9.755282581475768211e-01 -2.124068284407645661e-03
9.730426794137726487e-01 -1.785670577315797217e-03
9.704403844771127829e-01 -1.444375223589197850e-03
9.677220154149337450e-01 -1.101930252951770738e-03
9.648882429441256736e-01 -7.601331230958682100e-04
9.619397662556434803e-01 -4.208297794905122360e-04
9.588773128419905145e-01 -8.591408908440421877e-05
9.557016383177225904e-01 2.426723813247697037e-04
9.524135262330097884e-01 5.629402833224840183e-04
9.490137878803078797e-01 8.728521547036452097e-04
9.455032620941840049e-01 1.170321901072160671e-03
9.418828150443467884e-01 1.453214165810187176e-03
9.381533400219317365e-01 1.719343672442861723e-03
9.343157572190956550e-01 1.966474631654742573e-03
9.303710135019718219e-01 2.192320312049906954e-03
9.263200821770462001e-01 2.394542879008549480e-03
9.221639627510075377e-01 2.570753609523249855e-03
9.179036806841351925e-01 2.718513592561971372e-03
9.135402871372809708e-01 2.835335024198048538e-03
9.090748587125118130e-01 2.918683204391669429e-03
9.045084971874737256e-01 2.965979337858948815e-03
8.998423292435453469e-01 2.974604234911601072e-03
8.950775061878452066e-01 2.941902999516125827e-03
8.902152036691648451e-01 2.865190781165224618e-03
8.852566213878947377e-01 2.741759654569650949e-03
8.802029828000155209e-01 2.568886676795512254e-03
8.750555348152297963e-01 2.343843155453134708e-03
8.698155474893048966e-01 2.063905144084240625e-03
8.644843137107058872e-01 1.726365162220377426e-03
8.590631488815945183e-01 1.328545117949689498e-03
8.535533905932737309e-01 8.678103905085925857e-04
8.479563982961570989e-01 3.415850097065057170e-04
8.422735529643443630e-01 -2.526321517906243708e-04
8.365062567548866568e-01 -9.172502778241279492e-04
8.306559326618260242e-01 -1.654568724209664818e-03
8.247240241650917181e-01 -2.466758493798590877e-03
8.187119948743448727e-01 -3.355843232414391399e-03
8.126213281678525968e-01 -4.323679923172996792e-03
8.064535268264882983e-01 -5.371939471050806922e-03
8.002101126629421746e-01 -6.502087381768826765e-03
7.938926261462364575e-01 -7.715364748846922568e-03
7.875026260216393403e-01 -9.012769769824097166e-03
7.810416889260654028e-01 -1.039504001694162988e-02
7.745114089990658979e-01 -1.186263568888318645e-02
7.679133974894984949e-01 -1.341572406835320544e-02
7.612492823579743995e-01 -1.505416540527095351e-02
7.545207078751856589e-01 -1.677750043714361025e-02
7.477293342162038003e-01 -1.858493974678490646e-02
7.408768370508577172e-01 -2.047535514303044923e-02
7.339649071302868366e-01 -2.244727323260340204e-02
7.269952498697733745e-01 -2.449887133096485120e-02
7.199695849279575954e-01 -2.662797583706888113e-02
7.128896457825363298e-01 -2.883206317169491328e-02
7.057571793025544382e-01 -3.110826335175062227e-02
6.985739453173903657e-01 -3.345336624397961256e-02
6.913417161825449186e-01 -3.586383051123442911e-02
6.840622763423389596e-01 -3.833579523330016281e-02
6.767374218896285987e-01 -4.086509415259663436e-02
6.693689601226457953e-01 -4.344727246339311760e-02
6.619587090990747269e-01 -4.607760603188665316e-02
6.545084971874737256e-01 -4.875112290407869475e-02
6.470201626161520281e-01 -5.146262692928113558e-02
6.394955530196146931e-01 -5.420672329972812259e-02
6.319365249826864872e-01 -5.697784578158164581e-02
6.243449435824274252e-01 -5.977028538999003965e-02
6.167226819279527650e-01 -6.257822024114242931e-02
6.090716206982712544e-01 -6.539574629778698023e-02
6.013936476782563156e-01 -6.821690871171506854e-02
5.936906572928624115e-01 -7.103573345749289447e-02
5.859645501397048317e-01 -7.384625894641018429e-02
5.782172325201154761e-01 -7.664256730834376197e-02
5.704506159687913192e-01 -7.941881503204546722e-02
5.626666167821521292e-01 -8.216926266127048961e-02
5.548671555455225723e-01 -8.488830325508928132e-02
5.470541566592571625e-01 -8.757048933555675041e-02
5.392295478639225204e-01 -9.021055806445772707e-02
5.313952597646567355e-01 -9.280345441286733110e-02
5.235532253548214054e-01 -9.534435211246435060e-02
5.157053795390641460e-01 -9.782867220556726306e-02
5.078536586559103672e-01 -1.002520990413367091e-01
5.000000000000001110e-01 -1.026105935980779621e-01
4.921463413440896884e-01 -1.049004040456150977e-01
4.842946204609359095e-01 -1.071180734968127379e-01
4.764467746451786501e-01 -1.092604449329884903e-01
4.686047402353433755e-01 -1.113246633236582156e-01
4.607704521360775907e-01 -1.133081749963045087e-01
4.529458433407428375e-01 -1.152087243460955812e-01
4.451328444544774277e-01 -1.170243480082658605e-01
4.373333832178478708e-01 -1.187533666466809162e-01
4.295493840312086808e-01 -1.203943745405308130e-01
4.217827674798846349e-01 -1.219462271767118022e-01
4.140354498602952238e-01 -1.234080270778997318e-01
4.063093427071377550e-01 -1.247791081152793136e-01
3.986063523217437399e-01 -1.260590185701125632e-01
3.909283793017287456e-01 -1.272475032195920508e-01
3.832773180720473460e-01 -1.283444847296137670e-01
3.756550564175726303e-01 -1.293500446401137927e-01
3.680634750173136238e-01 -1.302644042274541669e-01
3.605044469803853624e-01 -1.310879055230544654e-01
3.529798373838480829e-01 -1.318209927581705243e-01
3.454915028125262744e-01 -1.324641944915891378e-01
3.380412909009252731e-01 -1.330181066602824091e-01
3.306310398773543713e-01 -1.334833767730315424e-01
3.232625781103714013e-01 -1.338606894440299289e-01
3.159377236576610404e-01 -1.341507534378845179e-01
3.086582838174550814e-01 -1.343542903696926250e-01
3.014260546826097453e-01 -1.344720251743953821e-01
2.942428206974456728e-01 -1.345046784289083419e-01
2.871103542174636702e-01 -1.344529605790626969e-01
2.800304150720424601e-01 -1.343175680916674219e-01
2.730047501302266255e-01 -1.340991815205067883e-01
2.660350928697133299e-01 -1.337984654443055144e-01
2.591231629491423938e-01 -1.334160702050963820e-01
2.522706657837961997e-01 -1.329526353474369815e-01
2.454792921248143966e-01 -1.324087946329712551e-01
2.387507176420255450e-01 -1.317851824812796280e-01
2.320866025105017272e-01 -1.310824416671361459e-01
2.254885910009341576e-01 -1.303012320864708473e-01
2.189583110739347083e-01 -1.294422403887608153e-01
2.124973739783607707e-01 -1.285061902623937935e-01
2.061073738537634870e-01 -1.274938531518971796e-01
1.997898873370579920e-01 -1.264060591818575718e-01
1.935464731735117572e-01 -1.252437080618537812e-01
1.873786718321474032e-01 -1.240077797497585177e-01
1.812880051256551828e-01 -1.226993446571891661e-01
1.752759758349082264e-01 -1.213195731905571673e-01
1.693440673381740869e-01 -1.198697444338647083e-01
1.634937432451133432e-01 -1.183512537948488569e-01
1.577264470356556925e-01 -1.167656194540129533e-01
1.520436017038428456e-01 -1.151144874761416415e-01
1.464466094067262691e-01 -1.133996354657536981e-01
1.409368511184055928e-01 -1.116229746711910470e-01
1.355156862892942238e-01 -1.097865504663162045e-01
1.301844525106951589e-01 -1.078925411636663528e-01
1.249444651847702037e-01 -1.059432551380181664e-01
1.197970171999845346e-01 -1.039411262642480904e-01
1.147433786121054289e-01 -1.018887076977617878e-01
1.097847963308351549e-01 -9.978866404925122724e-02
1.049224938121548489e-01 -9.764376202778733693e-02
1.001576707564547086e-01 -9.545685964698154280e-02
9.549150281252627437e-02 -9.323089410785762032e-02
9.092514128748829805e-02 -9.096886848897060840e-02
8.645971286271908474e-02 -8.867383738896941758e-02
8.209631931586486298e-02 -8.634889167910858587e-02
7.783603724899246235e-02 -8.399714253304192690e-02
7.367991782295391090e-02 -8.162170490854457616e-02
6.962898649802817808e-02 -7.922568066056352720e-02
6.568424278090440049e-02 -7.681214146725007241e-02
6.184665997806820803e-02 -7.438411175041259593e-02
5.811718495565326714e-02 -7.194455176927509743e-02
5.449673790581605060e-02 -6.949634106164731540e-02
5.098621211969217581e-02 -6.704226239979624302e-02
4.758647376699026710e-02 -6.458498641961808728e-02
4.429836168227735405e-02 -6.212705707138511252e-02
4.112268715800942998e-02 -5.967087802858602602e-02
3.806023374435663076e-02 -5.721870017843883049e-02
3.511175705587432638e-02 -5.477261030378170054e-02
3.227798458506631052e-02 -5.233452105146591676e-02
2.955961552288727257e-02 -4.990616226734453237e-02
2.695732058622735128e-02 -4.748907376268871744e-02
2.447174185242323441e-02 -4.508459956160080356e-02
2.210349260083493972e-02 -4.269388366392122547e-02
1.985315716152846743e-02 -4.031786734344366269e-02
1.772129077110096151e-02 -3.795728798710663182e-02
1.570841943568446197e-02 -3.561267946737683987e-02
1.381503980116172148e-02 -3.328437402737800810e-02
1.204161903062628269e-02 -3.097250564655266297e-02
1.038859468911712547e-02 -2.867701484382852856e-02
8.856374635655639427e-03 -2.639765486543875841e-02
7.445336922613066122e-03 -2.413399919573607638e-02
6.155829702431114825e-03 -2.188545032152736450e-02
4.988171141721231550e-03 -1.965124967363154548e-02
3.942649342761062048e-03 -1.743048866346154357e-02
3.019522272410146702e-03 -1.522212072742382821e-02
2.219017698460001853e-03 -1.302497428771525086e-02
1.541333133436018077e-03 -1.083776653463438926e-02
9.866357858642205159e-04 -8.659117932704313986e-03
5.550625190149927057e-04 -6.487567350662751080e-03
2.467198171341999924e-04 -4.321587713627541606e-03
6.168375916970614270e-05 -2.159602074413442905e-03
0.000000000000000000e+00 0.000000000000000000e+00
6.168375916970614270e-05 2.514797563448218677e-03
2.467198171341999924e-04 5.031070919647260588e-03
5.550625190149927057e-04 7.549475428959753071e-03
9.866357858642205159e-04 1.007063467629837859e-02
1.541333133436018077e-03 1.259512512624436434e-02
2.219017698460001853e-03 1.512346130374346044e-02
3.019522272410146702e-03 1.765608166447979813e-02
3.942649342761062048e-03 2.019333530975878782e-02
4.988171141721231550e-03 2.273546968941790244e-02
6.155829702431114825e-03 2.528261942311000113e-02
7.445336922613066122e-03 2.783479635547421102e-02
8.856374635655639427e-03 3.039188094444362012e-02
1.038859468911712547e-02 3.295361506451273403e-02
1.204161903062628269e-02 3.551959628843557454e-02
1.381503980116172148e-02 3.808927369186566186e-02
1.570841943568446197e-02 4.066194520613335139e-02
1.772129077110096151e-02 4.323675652500640759e-02
1.985315716152846743e-02 4.581270155215787232e-02
2.210349260083493972e-02 4.838862435747087742e-02
2.447174185242323441e-02 5.096322259250046088e-02
2.695732058622735128e-02 5.353505229864503195e-02
2.955961552288727257e-02 5.610253402608644802e-02
3.227798458506631052e-02 5.866396016754189119e-02
3.511175705587432638e-02 6.121750339852317924e-02
3.806023374435663076e-02 6.376122610525697398e-02
4.112268715800942998e-02 6.629309067281687062e-02
4.429836168227735405e-02 6.881097049942673516e-02
4.758647376699026710e-02 7.131266159837611196e-02
5.098621211969217581e-02 7.379589464655152142e-02
5.449673790581605060e-02 7.625834733822063616e-02
5.811718495565326714e-02 7.869765690434515903e-02
6.184665997806820803e-02 8.111143266127934792e-02
6.568424278090440049e-02 8.349726845809994635e-02
6.962898649802817808e-02 8.585275489887628231e-02
7.367991782295391090e-02 8.817549122477248702e-02
7.783603724899246235e-02 9.046309675076386059e-02
8.209631931586486298e-02 9.271322176277475846e-02
8.645971286271908474e-02 9.492355779295770513e-02
9.092514128748829805e-02 9.709184720343483344e-02
9.549150281252627437e-02 9.921589202185496226e-02
1.001576707564547086e-01 1.012935619853798375e-01
1.049224938121548489e-01 1.033228017629404111e-01
1.097847963308351549e-01 1.053016373386136545e-01
1.147433786121054289e-01 1.072281815515158110e-01
1.197970171999845346e-01 1.091006387995322457e-01
1.249444651847702037e-01 1.109173089252936117e-01
1.301844525106951589e-01 1.126765903129434421e-01
1.355156862892942238e-01 1.143769822332562358e-01
1.409368511184055928e-01 1.160170864824806025e-01
1.464466094067262691e-01 1.175956083667973606e-01
1.520436017038428456e-01 1.191113570894482138e-01
1.577264470356556925e-01 1.205632456013870646e-01
1.634937432451133432e-01 1.219502899787190398e-01
1.693440673381740869e-01 1.232716083912658300e-01
1.752759758349082264e-01 1.245264197263551420e-01
1.812880051256551828e-01 1.257140419304849932e-01
1.873786718321474032e-01 1.268338901289153275e-01
1.935464731735117572e-01 1.278854745796448866e-01
1.997898873370579920e-01 1.288683985137271670e-01
2.061073738537634870e-01 1.297823559086488943e-01
2.124973739783607707e-01 1.306271292356512292e-01
2.189583110739347083e-01 1.314025872156054653e-01
2.254885910009341576e-01 1.321086826115014379e-01
2.320866025105017272e-01 1.327454500789335690e-01
2.387507176420255450e-01 1.333130040893410750e-01
2.454792921248143966e-01 1.338115369343056138e-01
2.522706657837961997e-01 1.342413168130877077e-01
2.591231629491423938e-01 1.346026859999166769e-01
2.660350928697133299e-01 1.348960590824301864e-01
2.730047501302266255e-01 1.351219212582205065e-01
2.800304150720424601e-01 1.352808266727276720e-01
2.871103542174636702e-01 1.353733967788023074e-01
2.942428206974456728e-01 1.354003186961783012e-01
3.014260546826097453e-01 1.353623435478666370e-01
3.086582838174550814e-01 1.352602847500959382e-01
3.159377236576610404e-01 1.350950162328776460e-01
3.232625781103714013e-01 1.348674705695115661e-01
3.306310398773543713e-01 1.345786369953196338e-01
3.380412909009252731e-01 1.342295592985303931e-01
3.454915028125262744e-01 1.338213335694458384e-01
3.529798373838480829e-01 1.333551057977166443e-01
3.605044469803853624e-01 1.328320693116116502e-01
3.680634750173136238e-01 1.322534620574979947e-01
3.756550564175726303e-01 1.316205637222233049e-01
3.832773180720473460e-01 1.309346927055936305e-01
3.909283793017287456e-01 1.301972029545615528e-01
3.986063523217437399e-01 1.294094806749665483e-01
4.063093427071377550e-01 1.285729409405876322e-01
4.140354498602952238e-01 1.276890242227991523e-01
4.217827674798846349e-01 1.267591928671633339e-01
4.295493840312086808e-01 1.257849275457854910e-01
4.373333832178478708e-01 1.247677237161255032e-01
4.451328444544774277e-01 1.237090881181808905e-01
4.529458433407428375e-01 1.226105353424770672e-01
4.607704521360775907e-01 1.214735845011240267e-01
4.686047402353433755e-01 1.202997560333233101e-01
4.764467746451786501e-01 1.190905686751486947e-01
4.842946204609359095e-01 1.178475366212186487e-01
4.921463413440896884e-01 1.165721669030738983e-01
5.000000000000001110e-01 1.152659570057206900e-01
5.078536586559103672e-01 1.139303927399966387e-01
5.157053795390641460e-01 1.125669463842034479e-01
5.235532253548214054e-01 1.111770751039644761e-01
5.313952597646567355e-01 1.097622196545590678e-01
5.392295478639225204e-01 1.083238033651895832e-01
5.470541566592571625e-01 1.068632313998325728e-01
5.548671555455225723e-01 1.053818902846232614e-01
5.626666167821521292e-01 1.038811476872125023e-01
5.704506159687913192e-01 1.023623524293180015e-01
5.782172325201154761e-01 1.008268347098426609e-01
5.859645501397048317e-01 9.927590651254020182e-02
5.936906572928624115e-01 9.771086216933143331e-02
6.013936476782563156e-01 9.613297904807392713e-02
6.090716206982712544e-01 9.454351833190585697e-02
6.167226819279527650e-01 9.294372585625343408e-02
6.243449435824274252e-01 9.133483296922670358e-02
6.319365249826864872e-01 8.971805738143560915e-02
6.394955530196146931e-01 8.809460397222636241e-02
6.470201626161520281e-01 8.646566552094389624e-02
6.545084971874737256e-01 8.483242333403548385e-02
6.619587090990747269e-01 8.319604774157218774e-02
6.693689601226457953e-01 8.155769844002598579e-02
6.767374218896285987e-01 7.991852466182751413e-02
6.840622763423389596e-01 7.827966515627228505e-02
6.913417161825449186e-01 7.664224797065813388e-02
6.985739453173903657e-01 7.500739002503714614e-02
7.057571793025544382e-01 7.337619647856388760e-02
7.128896457825363298e-01 7.174975989002978227e-02
7.199695849279575954e-01 7.012915917969936297e-02
7.269952498697733745e-01 6.851545840392588016e-02
7.339649071302868366e-01 6.690970535813652031e-02
7.408768370508577172e-01 6.531293002756784205e-02
7.477293342162038003e-01 6.372614290853016727e-02
7.545207078751856589e-01 6.215033322592745241e-02
7.612492823579743995e-01 6.058646707520311953e-02
7.679133974894984949e-01 5.903548551878585321e-02
7.745114089990658979e-01 5.749830266844173365e-02
7.810416889260654028e-01 5.597580378567984516e-02
7.875026260216393403e-01 5.446884343250894822e-02
7.938926261462364575e-01 5.297824370439557784e-02
8.002101126629421746e-01 5.150479257625806273e-02
8.064535268264882983e-01 5.004924239076326276e-02
8.126213281678525968e-01 4.861230851611107739e-02
8.187119948743448727e-01 4.719466819794759099e-02
8.247240241650917181e-01 4.579695962708101725e-02
8.306559326618260242e-01 4.441978124135773087e-02
8.365062567548866568e-01 4.306369127644464612e-02
8.422735529643443630e-01 4.172920757642875622e-02
8.479563982961570989e-01 4.041680767116135470e-02
8.535533905932737309e-01 3.912692912320597793e-02
8.590631488815945183e-01 3.785997014317778186e-02
8.644843137107058872e-01 3.661629046824971950e-02
8.698155474893048966e-01 3.539621249472155173e-02
8.750555348152297963e-01 3.420002265186143642e-02
8.802029828000155209e-01 3.302797300079649695e-02
8.852566213878947377e-01 3.188028303910141886e-02
8.902152036691648451e-01 3.075714168895808329e-02
8.950775061878452066e-01 2.965870944437311307e-02
8.998423292435453469e-01 2.858512065097659413e-02
9.045084971874737256e-01 2.753648589040172054e-02
9.090748587125118130e-01 2.651289444018327390e-02
9.135402871372809708e-01 2.551441677951253595e-02
9.179036806841351925e-01 2.454110711104750056e-02
9.221639627510075377e-01 2.359300586929273524e-02
9.263200821770462001e-01 2.267014218681127902e-02
9.303710135019718219e-01 2.177253629069279828e-02
9.343157572190956550e-01 2.090020180324336091e-02
9.381533400219317365e-01 2.005314792275334976e-02
9.418828150443467884e-01 1.923138146239490934e-02
9.455032620941840049e-01 1.843490872776391148e-02
9.490137878803078797e-01 1.766373721626013360e-02
9.524135262330097884e-01 1.691787712435403879e-02
9.557016383177225904e-01 1.619734265176334467e-02
9.588773128419905145e-01 1.550215309461546592e-02
9.619397662556434803e-01 1.483233372275195860e-02
9.648882429441256736e-01 1.418791643939385297e-02
9.677220154149337450e-01 1.356894022438727421e-02
9.704403844771127829e-01 1.297545136514980518e-02
9.730426794137726487e-01 1.240750348219450683e-02
9.755282581475768211e-01 1.186515735869666209e-02
9.778965073991651158e-01 1.134848058594841065e-02
9.801468428384715326e-01 1.085754703869910853e-02
9.822787092288990385e-01 1.039243619628093043e-02
9.842915805643155380e-01 9.953232327052590964e-03
9.861849601988383895e-01 9.540023555046838258e-03
9.879583809693737173e-01 9.152900828772011360e-03
9.896114053108828745e-01 8.791956812887885553e-03
9.911436253643444161e-01 8.457284723954273942e-03
9.925546630773869339e-01 8.148977131636208834e-03
9.938441702975688852e-01 7.867124746651795592e-03
9.950118288582787685e-01 7.611815216377208759e-03
9.960573506572389935e-01 7.383131948385877018e-03
9.969804777275899088e-01 7.181152981316847768e-03
9.977809823015399981e-01 7.005949921349493258e-03
9.984586668665640374e-01 6.857586961232931509e-03
9.990133642141357795e-01 6.736119997293360355e-03
9.994449374809850628e-01 6.641595858143758448e-03
9.997532801828658000e-01 6.574051656971077393e-03
9.999383162408302939e-01 6.533514277294156201e-03
1.000000000000000000e+00 6.519999999999999754e-03
