1.000000000000000000e+00 -1.162999999999999971e-02
9.999383162408302939e-01 -1.161087058430761154e-02
9.997532801828658000e-01 -1.155362700753861938e-02
9.994449374809850628e-01 -1.145870174185722838e-02
9.990133642141357795e-01 -1.132681047346270793e-02
9.984586668665640374e-01 -1.115894455049590110e-02
9.977809823015399981e-01 -1.095636060602643569e-02
9.969804777275899088e-01 -1.072056754714594169e-02
9.960573506572389935e-01 -1.045331114889300195e-02
9.950118288582787685e-01 -1.015655653448423873e-02
9.938441702975688852e-01 -9.832468860230977187e-03
9.925546630773869339e-01 -9.483392553828001031e-03
9.911436253643444161e-01 -9.111829477786839715e-03
9.896114053108828745e-01 -8.720416405179745589e-03
9.879583809693737173e-01 -8.311902202261240227e-03
9.861849601988383895e-01 -7.889125111795923517e-03
9.842915805643155380e-01 -7.454990522085953343e-03
9.822787092288990385e-01 -7.012449589955081775e-03
9.801468428384715326e-01 -6.564479061682240713e-03
9.778965073991651158e-01 -6.114062604614094003e-03
9.755282581475768211e-01 -5.664173924593025183e-03
9.730426794137726487e-01 -5.217761901225369085e-03
9.704403844771127829e-01 -4.777737925302084736e-03
9.677220154149337450e-01 -4.346965571389110015e-03
9.648882429441256736e-01 -3.928252684816709549e-03
9.619397662556434803e-01 -3.524345907157097613e-03
9.588773128419905145e-01 -3.137927608954918166e-03
9.557016383177225904e-01 -2.771615144136556699e-03
9.524135262330097884e-01 -2.427962288313769215e-03
9.490137878803078797e-01 -2.109462674220380363e-03
9.455032620941840049e-01 -1.818554992800510209e-03
9.418828150443467884e-01 -1.557629688945546056e-03
9.381533400219317365e-01 -1.329036847378414418e-03
9.343157572190956550e-01 -1.135094937407404858e-03
9.303710135019718219e-01 -9.781000657718957186e-04
9.263200821770462001e-01 -8.603353749823423186e-04
9.221639627510075377e-01 -7.840802206536302832e-04
9.179036806841351925e-01 -7.516187654201117452e-04
9.135402871372809708e-01 -7.652476390051753119e-04
9.090748587125118130e-01 -8.272823336398157923e-04
9.045084971874737256e-01 -9.400620308636468969e-04
8.998423292435453469e-01 -1.105952589229500585e-03
8.950775061878452066e-01 -1.327347461863732578e-03
8.902152036691648451e-01 -1.606666357379507581e-03
8.852566213878947377e-01 -1.946351506368999493e-03
8.802029828000155209e-01 -2.348861447595161286e-03
8.750555348152297963e-01 -2.816662301986197492e-03
8.698155474893048966e-01 -3.352216557488291518e-03
8.644843137107058872e-01 -3.957969442618764107e-03
8.590631488815945183e-01 -4.636333020057554002e-03
8.535533905932737309e-01 -5.389668182723271646e-03
8.479563982961570989e-01 -6.220264782460840566e-03
8.422735529643443630e-01 -7.130320164754401849e-03
8.365062567548866568e-01 -8.121916420901867037e-03
8.306559326618260242e-01 -9.196996701088571563e-03
8.247240241650917181e-01 -1.035734095714840354e-02
8.187119948743448727e-01 -1.160454150200952370e-02
8.126213281678525968e-01 -1.293997878355436851e-02
8.064535268264882983e-01 -1.436479777368762645e-02
8.002101126629421746e-01 -1.587988536878614382e-02
7.938926261462364575e-01 -1.748584918552239381e-02
7.875026260216393403e-01 -1.918299811660124574e-02
7.810416889260654028e-01 -2.097132498465818437e-02
7.745114089990658979e-01 -2.285049159999721913e-02
7.679133974894984949e-01 -2.481981648970127408e-02
7.612492823579743995e-01 -2.687826552271114708e-02
7.545207078751856589e-01 -2.902444560863469067e-02
7.477293342162038003e-01 -3.125660159827647888e-02
7.408768370508577172e-01 -3.357261646216232881e-02
7.339649071302868366e-01 -3.597001477072343800e-02
7.269952498697733745e-01 -3.844596944732476401e-02
7.199695849279575954e-01 -4.099731171400283064e-02
7.128896457825363298e-01 -4.362054410060213494e-02
7.057571793025544382e-01 -4.631185634188649675e-02
6.985739453173903657e-01 -4.906714394501259652e-02
6.913417161825449186e-01 -5.188202917222937971e-02
6.840622763423389596e-01 -5.475188415146518134e-02
6.767374218896285987e-01 -5.767185580110354565e-02
6.693689601226457953e-01 -6.063689223512719328e-02
6.619587090990747269e-01 -6.364177030118056688e-02
6.545084971874737256e-01 -6.668112389708964749e-02
6.470201626161520281e-01 -6.974947271095216506e-02
6.394955530196146931e-01 -7.284125103591630734e-02
6.319365249826864872e-01 -7.595083632290676456e-02
6.243449435824274252e-01 -7.907257715241715335e-02
6.167226819279527650e-01 -8.220082032953784923e-02
6.090716206982712544e-01 -8.532993683400165452e-02
6.013936476782563156e-01 -8.845434638849430931e-02
5.936906572928624115e-01 -9.156854044301862561e-02
5.859645501397048317e-01 -9.466710340988995775e-02
5.782172325201154761e-01 -9.774473202213178336e-02
5.704506159687913192e-01 -1.007962527267653730e-01
5.626666167821521292e-01 -1.038166370628999108e-01
5.548671555455225723e-01 -1.068010150118069851e-01
5.470541566592571625e-01 -1.097446863415340451e-01
5.392295478639225204e-01 -1.126431300013685660e-01
5.313952597646567355e-01 -1.154920116509738359e-01
5.235532253548214054e-01 -1.182871894347557601e-01
5.157053795390641460e-01 -1.210247181335377814e-01
5.078536586559103672e-01 -1.237008518426157971e-01
5.000000000000001110e-01 -1.263120453375197183e-01
4.921463413440896884e-01 -1.288549542962437733e-01
4.842946204609359095e-01 -1.313264345493600771e-01
4.764467746451786501e-01 -1.337235405274525557e-01
4.686047402353433755e-01 -1.360435230689487629e-01
4.607704521360775907e-01 -1.382838267410813615e-01
4.529458433407428375e-01 -1.404420868127910504e-01
4.451328444544774277e-01 -1.425161260014689568e-01
4.373333832178478708e-01 -1.445039510960955398e-01
4.295493840312086808e-01 -1.464037495382273513e-01
4.217827674798846349e-01 -1.482138860200951647e-01
4.140354498602952238e-01 -1.499328991364929087e-01
4.063093427071377550e-01 -1.515594981048539458e-01
3.986063523217437399e-01 -1.530925595466047784e-01
3.909283793017287456e-01 -1.545311243031698145e-01
3.832773180720473460e-01 -1.558743942424886675e-01
3.756550564175726303e-01 -1.571217289970716080e-01
3.680634750173136238e-01 -1.582726425629257250e-01
3.605044469803853624e-01 -1.593267996804508813e-01
3.529798373838480829e-01 -1.602840119138927155e-01
3.454915028125262744e-01 -1.611442333452653142e-01
3.380412909009252731e-01 -1.619075558018647776e-01
3.306310398773543713e-01 -1.625742035435036315e-01
3.232625781103714013e-01 -1.631445273462061307e-01
3.159377236576610404e-01 -1.636189979330420763e-01
3.086582838174550814e-01 -1.639981987196570679e-01
3.014260546826097453e-01 -1.642828178613958134e-01
2.942428206974456728e-01 -1.644736396101981468e-01
2.871103542174636702e-01 -1.645715350120497966e-01
2.800304150720424601e-01 -1.645774519990616802e-01
2.730047501302266255e-01 -1.644924049535544941e-01
2.660350928697133299e-01 -1.643174638441524948e-01
2.591231629491423938e-01 -1.640537430551764764e-01
2.522706657837961997e-01 -1.637023900498955908e-01
2.454792921248143966e-01 -1.632645740248570565e-01
2.387507176420255450e-01 -1.627414747259991745e-01
2.320866025105017272e-01 -1.621342716070712231e-01
2.254885910009341576e-01 -1.614441335166371949e-01
2.189583110739347083e-01 -1.606722091013388365e-01
2.124973739783607707e-01 -1.598196181098983371e-01
2.061073738537634870e-01 -1.588874437744952073e-01
1.997898873370579920e-01 -1.578767264336686516e-01
1.935464731735117572e-01 -1.567884585438976408e-01
1.873786718321474032e-01 -1.556235812057802925e-01
1.812880051256551828e-01 -1.543829823056121764e-01
1.752759758349082264e-01 -1.530674963446191916e-01
1.693440673381740869e-01 -1.516779059967191812e-01
1.634937432451133432e-01 -1.502149454020621222e-01
1.577264470356556925e-01 -1.486793051685069422e-01
1.520436017038428456e-01 -1.470716390173219257e-01
1.464466094067262691e-01 -1.453925719736195998e-01
1.409368511184055928e-01 -1.436427099670999630e-01
1.355156862892942238e-01 -1.418226506754569349e-01
1.301844525106951589e-01 -1.399329954120377417e-01
1.249444651847702037e-01 -1.379743618318385323e-01
1.197970171999845346e-01 -1.359473972063292013e-01
1.147433786121054289e-01 -1.338527919985874337e-01
1.097847963308351549e-01 -1.316912934562885218e-01
1.049224938121548489e-01 -1.294637189317008608e-01
1.001576707564547086e-01 -1.271709686352929525e-01
9.549150281252627437e-02 -1.248140375330433205e-01
9.092514128748829805e-02 -1.223940261071629898e-01
8.645971286271908474e-02 -1.199121497155832966e-01
8.209631931586486298e-02 -1.173697463070744740e-01
7.783603724899246235e-02 -1.147682822758732957e-01
7.367991782295391090e-02 -1.121093562717951075e-01
6.962898649802817808e-02 -1.093947008183752539e-01
6.568424278090440049e-02 -1.066261816319905714e-01
6.184665997806820803e-02 -1.038057945783455588e-01
5.811718495565326714e-02 -1.009356602483514886e-01
5.449673790581605060e-02 -9.801801618234519398e-02
5.098621211969217581e-02 -9.505520681887007217e-02
4.758647376699026710e-02 -9.204967129086470690e-02
4.429836168227735405e-02 -8.900392923714606219e-02
4.112268715800942998e-02 -8.592056483955051727e-02
3.806023374435663076e-02 -8.280220933510888670e-02
3.511175705587432638e-02 -7.965152228734455331e-02
3.227798458506631052e-02 -7.647117193040084415e-02
2.955961552288727257e-02 -7.326381492357539327e-02
2.695732058622735128e-02 -7.003207587139093082e-02
2.447174185242323441e-02 -6.677852697513386726e-02
2.210349260083493972e-02 -6.350566818553414483e-02
1.985315716152846743e-02 -6.021590822279733468e-02
1.772129077110096151e-02 -5.691154681950230665e-02
1.570841943568446197e-02 -5.359475852410328783e-02
1.381503980116172148e-02 -5.026757837818712077e-02
1.204161903062628269e-02 -4.693188974967648502e-02
1.038859468911712547e-02 -4.358941456738928827e-02
8.856374635655639427e-03 -4.024170616044789317e-02
7.445336922613066122e-03 -3.689014485977878954e-02
6.155829702431114825e-03 -3.353593646922543858e-02
4.988171141721231550e-03 -3.018011366160197953e-02
3.942649342761062048e-03 -2.682354030133016209e-02
3.019522272410146702e-03 -2.346691864122076379e-02
2.219017698460001853e-03 -2.011079928750724582e-02
1.541333133436018077e-03 -1.675559377552138240e-02
9.866357858642205159e-04 -1.340158954940587517e-02
5.550625190149927057e-04 -1.004896709399529485e-02
2.467198171341999924e-04 -6.697818926357600351e-03
6.168375916970614270e-05 -3.348170119288051798e-03
0.000000000000000000e+00 0.000000000000000000e+00
6.168375916970614270e-05 3.654500228868248334e-03
2.467198171341999924e-04 7.309355922023052544e-03
5.550625190149927057e-04 1.096337927864085744e-02
9.866357858642205159e-04 1.461536828293228361e-02
1.541333133436018077e-03 1.826409999782505761e-02
2.219017698460001853e-03 2.190832410995550636e-02
3.019522272410146702e-03 2.554675680535524462e-02
3.942649342761062048e-03 2.917807505155135817e-02
4.988171141721231550e-03 3.280091135728525203e-02
6.155829702431114825e-03 3.641384907575626051e-02
7.445336922613066122e-03 4.001541831126659982e-02
8.856374635655639427e-03 4.360409248244091068e-02
1.038859468911712547e-02 4.717828558791993532e-02
1.204161903062628269e-02 5.073635021262309919e-02
1.381503980116172148e-02 5.427657630447640241e-02
1.570841943568446197e-02 5.779719074295454340e-02
1.772129077110096151e-02 6.129635771203242878e-02
1.985315716152846743e-02 6.477217988124168990e-02
2.210349260083493972e-02 6.822270038961809890e-02
2.447174185242323441e-02 7.164590561848657724e-02
2.695732058622735128e-02 7.503972873037804969e-02
2.955961552288727257e-02 7.840205394300465980e-02
3.227798458506631052e-02 8.173072149923021890e-02
3.511175705587432638e-02 8.502353328647213604e-02
3.806023374435663076e-02 8.827825905202529855e-02
4.112268715800942998e-02 9.149264315451823004e-02
4.429836168227735405e-02 9.466441178614745655e-02
4.758647376699026710e-02 9.779128059557450070e-02
5.098621211969217581e-02 1.008709626374561796e-01
5.449673790581605060e-02 1.039011765715705526e-01
5.811718495565326714e-02 1.068796550324175310e-01
6.184665997806820803e-02 1.098041530890626338e-01
6.568424278090440049e-02 1.126724567148464501e-01
6.962898649802817808e-02 1.154823911873993358e-01
7.367991782295391090e-02 1.182318293411947774e-01
7.783603724899246235e-02 1.209186995975716217e-01
8.209631931586486298e-02 1.235409937007667519e-01
8.645971286271908474e-02 1.260967740929312408e-01
9.092514128748829805e-02 1.285841808663210906e-01
9.549150281252627437e-02 1.310014382367614694e-01
1.001576707564547086e-01 1.333468604890230003e-01
1.049224938121548489e-01 1.356188573517878304e-01
1.097847963308351549e-01 1.378159387673711656e-01
1.147433786121054289e-01 1.399367190291402885e-01
1.197970171999845346e-01 1.419799202675778582e-01
1.249444651847702037e-01 1.439443752740041382e-01
1.301844525106951589e-01 1.458290296590394053e-01
1.355156862892942238e-01 1.476329433507858613e-01
1.409368511184055928e-01 1.493552914453712133e-01
1.464466094067262691e-01 1.509953644297841180e-01
1.520436017038428456e-01 1.525525678037486510e-01
1.577264470356556925e-01 1.540264211336492550e-01
1.634937432451133432e-01 1.554165565771170876e-01
1.693440673381740869e-01 1.567227169217793592e-01
1.752759758349082264e-01 1.579447531857532949e-01
1.812880051256551828e-01 1.590826218307260509e-01
1.873786718321474032e-01 1.601363816408231111e-01
1.935464731735117572e-01 1.611061903219513924e-01
1.997898873370579920e-01 1.619923008768481554e-01
2.061073738537634870e-01 1.627950578107473234e-01
2.124973739783607707e-01 1.635148932213423834e-01
2.189583110739347083e-01 1.641523228246833388e-01
2.254885910009341576e-01 1.647079419657938304e-01
2.320866025105017272e-01 1.651824216592311656e-01
2.387507176420255450e-01 1.655765047006071689e-01
2.454792921248143966e-01 1.658910018853132495e-01
2.522706657837961997e-01 1.661267883654749256e-01
2.591231629491423938e-01 1.662848001705845291e-01
2.660350928697133299e-01 1.663660309114323443e-01
2.730047501302266255e-01 1.663715286810193983e-01
2.800304150720424601e-01 1.663023931601707028e-01
2.871103542174636702e-01 1.661597729297147052e-01
2.942428206974456728e-01 1.659448629854565760e-01
3.014260546826097453e-01 1.656589024468661242e-01
3.086582838174550814e-01 1.653031724455075735e-01
3.159377236576610404e-01 1.648789941748773913e-01
3.232625781103714013e-01 1.643877270795473522e-01
3.306310398773543713e-01 1.638307671584091629e-01
3.380412909009252731e-01 1.632095453544493147e-01
3.454915028125262744e-01 1.625255260018665660e-01
3.529798373838480829e-01 1.617802053005401863e-01
3.605044469803853624e-01 1.609751097878293069e-01
3.680634750173136238e-01 1.601117947784689299e-01
3.756550564175726303e-01 1.591918427448762718e-01
3.832773180720473460e-01 1.582168616124558225e-01
3.909283793017287456e-01 1.571884829474511081e-01
3.986063523217437399e-01 1.561083600184574038e-01
4.063093427071377550e-01 1.549781657167966231e-01
4.140354498602952238e-01 1.537995903254870678e-01
4.217827674798846349e-01 1.525743391313986730e-01
4.295493840312086808e-01 1.513041298802719481e-01
4.373333832178478708e-01 1.499906900794671372e-01
4.451328444544774277e-01 1.486357541585045794e-01
4.529458433407428375e-01 1.472410605025115671e-01
4.607704521360775907e-01 1.458083483785165557e-01
4.686047402353433755e-01 1.443393547789968423e-01
4.764467746451786501e-01 1.428358112110956202e-01
4.842946204609359095e-01 1.412994404633822199e-01
4.921463413440896884e-01 1.397319533848466189e-01
5.000000000000001110e-01 1.381350457129195131e-01
5.078536586559103672e-01 1.365103949886579127e-01
5.157053795390641460e-01 1.348596575977436263e-01
5.235532253548214054e-01 1.331844659756437066e-01
5.313952597646567355e-01 1.314864260141122565e-01
5.392295478639225204e-01 1.297671147042206152e-01
5.470541566592571625e-01 1.280280780482982161e-01
5.548671555455225723e-01 1.262708292695937928e-01
5.626666167821521292e-01 1.244968473441959572e-01
5.704506159687913192e-01 1.227075758748511214e-01
5.782172325201154761e-01 1.209044223208819574e-01
5.859645501397048317e-01 1.190887575925440311e-01
5.936906572928624115e-01 1.172619160119719034e-01
6.013936476782563156e-01 1.154251956364881621e-01
6.090716206982712544e-01 1.135798589335995645e-01
6.167226819279527650e-01 1.117271337906212691e-01
6.243449435824274252e-01 1.098682148356826954e-01
6.319365249826864872e-01 1.080042650410039107e-01
6.394955530196146931e-01 1.061364175739220317e-01
6.470201626161520281e-01 1.042657778563002291e-01
6.545084971874737256e-01 1.023934257887861021e-01
6.619587090990747269e-01 1.005204180929875207e-01
6.693689601226457953e-01 9.864779072209213517e-02
6.767374218896285987e-01 9.677656128882791697e-02
6.840622763423389596e-01 9.490773145900316399e-02
6.913417161825449186e-01 9.304228925919608151e-02
6.985739453173903657e-01 9.118121124850026016e-02
7.057571793025544382e-01 8.932546450655805270e-02
7.128896457825363298e-01 8.747600839340430312e-02
7.199695849279575954e-01 8.563379604083741492e-02
7.269952498697733745e-01 8.379977554007406182e-02
7.339649071302868366e-01 8.197489079623225539e-02
7.408768370508577172e-01 8.016008202662719406e-02
7.477293342162038003e-01 7.835628588683139772e-02
7.545207078751856589e-01 7.656443521582369238e-02
7.612492823579743995e-01 7.478545839918043781e-02
7.679133974894984949e-01 7.302027835700998504e-02
7.745114089990658979e-01 7.126981117104244645e-02
7.810416889260654028e-01 6.953496437280812237e-02
7.875026260216393403e-01 6.781663492202831545e-02
7.938926261462364575e-01 6.611570691104333430e-02
8.002101126629421746e-01 6.443304903719165866e-02
8.064535268264882983e-01 6.276951189039686740e-02
8.126213281678525968e-01 6.112592510770056831e-02
8.187119948743448727e-01 5.950309445001542713e-02
8.247240241650917181e-01 5.790179885886376221e-02
8.306559326618260242e-01 5.632278755227372591e-02
8.365062567548866568e-01 5.476677721927483700e-02
8.422735529643443630e-01 5.323444937155354800e-02
8.479563982961570989e-01 5.172644790880913390e-02
8.535533905932737309e-01 5.024337695120634217e-02
8.590631488815945183e-01 4.878579898811667703e-02
8.644843137107058872e-01 4.735423338713590918e-02
8.698155474893048966e-01 4.594915530125918274e-02
8.750555348152297963e-01 4.457099500519411117e-02
8.802029828000155209e-01 4.322013768422300339e-02
8.852566213878947377e-01 4.189692369092827551e-02
8.902152036691648451e-01 4.060164927662361645e-02
8.950775061878452066e-01 3.933456779564457884e-02
8.998423292435453469e-01 3.809589137191718433e-02
9.045084971874737256e-01 3.688579300860170274e-02
9.090748587125118130e-01 3.570440911327857347e-02
9.135402871372809708e-01 3.455184240325724632e-02
9.179036806841351925e-01 3.342816514830705688e-02
9.221639627510075377e-01 3.233342270157636700e-02
9.263200821770462001e-01 3.126763726380927394e-02
9.303710135019718219e-01 3.023081182130767097e-02
9.343157572190956550e-01 2.922293419451078497e-02
9.381533400219317365e-01 2.824398113165620811e-02
9.418828150443467884e-01 2.729392238079156319e-02
9.455032620941840049e-01 2.637272467346216120e-02
9.490137878803078797e-01 2.548035555470485464e-02
9.524135262330097884e-01 2.461678699652177643e-02
9.557016383177225904e-01 2.378199873573858675e-02
9.588773128419905145e-01 2.297598128201176759e-02
9.619397662556434803e-01 2.219873854764504648e-02
9.648882429441256736e-01 2.145029005770117750e-02
9.677220154149337450e-01 2.073067270652121166e-02
9.704403844771127829e-01 2.003994203505225086e-02
9.730426794137726487e-01 1.937817301216967353e-02
9.755282581475768211e-01 1.874546031230713353e-02
9.778965073991651158e-01 1.814191809099098898e-02
9.801468428384715326e-01 1.756767926914588190e-02
9.822787092288990385e-01 1.702289434611354429e-02
9.842915805643155380e-01 1.650772977003323733e-02
9.861849601988383895e-01 1.602236590240135525e-02
9.879583809693737173e-01 1.556699462110282782e-02
9.896114053108828745e-01 1.514181661284015427e-02
9.911436253643444161e-01 1.474703841155234653e-02
9.925546630773869339e-01 1.438286924399973313e-02
9.938441702975688852e-01 1.404951774710598046e-02
9.950118288582787685e-01 1.374718862382784922e-02
9.960573506572389935e-01 1.347607930521795526e-02
9.969804777275899088e-01 1.323637668594557053e-02
9.977809823015399981e-01 1.302825399884255039e-02
9.984586668665640374e-01 1.285186789108548264e-02
9.990133642141357795e-01 1.270735576046091823e-02
9.994449374809850628e-01 1.259483340487055174e-02
9.997532801828658000e-01 1.251439303191982481e-02
9.999383162408302939e-01 1.246610166821342063e-02
1.000000000000000000e+00 1.244999999999999926e-02
