1.000000000000000000e+00 -3.259999999999999877e-03
9.999383162408302939e-01 -3.250283112576797789e-03
9.997532801828658000e-01 -3.221165279723616458e-03
9.994449374809850628e-01 -3.172744972301248974e-03
9.990133642141357795e-01 -3.105186250845512995e-03
9.984586668665640374e-01 -3.018718680601186182e-03
9.977809823015399981e-01 -2.913637215318311529e-03
9.969804777275899088e-01 -2.790302052524111075e-03
9.960573506572389935e-01 -2.649138463702729526e-03
9.950118288582787685e-01 -2.490636603489976373e-03
9.938441702975688852e-01 -2.315351302601350442e-03
9.925546630773869339e-01 -2.123901849743694767e-03
9.911436253643444161e-01 -1.916971768191846675e-03
9.896114053108828745e-01 -1.695308593016424999e-03
9.879583809693737173e-01 -1.459723655104646321e-03
9.861849601988383895e-01 -1.211091878090309742e-03
9.842915805643155380e-01 -9.503515940775036572e-04
9.822787092288990385e-01 -6.785043835711248618e-04
9.801468428384715326e-01 -3.966149442894812381e-04
9.778965073991651158e-01 -1.058109925030129538e-04
9.755282581475768211e-01 1.927168008079784174e-04
9.730426794137726487e-01 4.977148383718244494e-04
9.704403844771127829e-01 8.078665910570752111e-04
9.677220154149337450e-01 1.121792562154994791e-03
9.648882429441256736e-01 1.438050228110700213e-03
9.619397662556434803e-01 1.755133965409377741e-03
9.588773128419905145e-01 2.071474976760561554e-03
9.557016383177225904e-01 2.385441233455013865e-03
9.524135262330097884e-01 2.695337454754854773e-03
9.490137878803078797e-01 2.999405149357889031e-03
9.455032620941840049e-01 3.295822748289215648e-03
9.418828150443467884e-01 3.582705862934350543e-03
9.381533400219317365e-01 3.858107706250418333e-03
9.343157572190956550e-01 4.120019719374999612e-03
9.303710135019718219e-01 4.366372449788716997e-03
9.263200821770462001e-01 4.595036730761650236e-03
9.221639627510075377e-01 4.803825214908306711e-03
9.179036806841351925e-01 4.990494317167274915e-03
9.135402871372809708e-01 5.152746624291610310e-03
9.090748587125118130e-01 5.288233828864745759e-03
9.045084971874737256e-01 5.394560245834853843e-03
8.998423292435453469e-01 5.469286968484556727e-03
8.950775061878452066e-01 5.509936718533905986e-03
8.902152036691648451e-01 5.513999441637542839e-03
8.852566213878947377e-01 5.478938694825777680e-03
8.802029828000155209e-01 5.402198866417964700e-03
8.750555348152297963e-01 5.281213261592445501e-03
8.698155474893048966e-01 5.113413078142826224e-03
8.644843137107058872e-01 4.896237287024181664e-03
8.590631488815945183e-01 4.627143421161727249e-03
8.535533905932737309e-01 4.303619263753206622e-03
8.479563982961570989e-01 3.923195414067822545e-03
8.422735529643443630e-01 3.483458694679523147e-03
8.365062567548866568e-01 2.982066349348140924e-03
8.306559326618260242e-01 2.416760965579453201e-03
8.247240241650917181e-01 1.785386040478138554e-03
8.187119948743448727e-01 1.085902093099830063e-03
8.126213281678525968e-01 3.164032113651391899e-04
8.064535268264882983e-01 -5.248660930062417317e-04
8.002101126629421746e-01 -1.439493861879214721e-03
7.938926261462364575e-01 -2.428883653445637180e-03
7.875026260216393403e-01 -3.494237654705396965e-03
7.810416889260654028e-01 -4.636540117774928457e-03
7.745114089990658979e-01 -5.856541301933192688e-03
7.679133974894984949e-01 -7.154742109024081823e-03
7.612492823579743995e-01 -8.531379603214196000e-03
7.545207078751856589e-01 -9.986413606980944213e-03
7.477293342162038003e-01 -1.151951456343612394e-02
7.408768370508577172e-01 -1.313005285055906038e-02
7.339649071302868366e-01 -1.481708972556863152e-02
7.269952498697733745e-01 -1.657937006747455325e-02
7.199695849279575954e-01 -1.841531707284902245e-02
7.128896457825363298e-01 -2.032302904412496697e-02
7.057571793025544382e-01 -2.230027839137677451e-02
6.985739453173903657e-01 -2.434451294775488023e-02
6.913417161825449186e-01 -2.645285967573746469e-02
6.840622763423389596e-01 -2.862213081640403375e-02
6.767374218896285987e-01 -3.084883250732749216e-02
6.693689601226457953e-01 -3.312917586677260884e-02
6.619587090990747269e-01 -3.545909051305169007e-02
6.545084971874737256e-01 -3.783424045853385487e-02
6.470201626161520281e-01 -4.025004228835139114e-02
6.394955530196146931e-01 -4.270168550474015556e-02
6.319365249826864872e-01 -4.518415488963453686e-02
6.243449435824274252e-01 -4.769225471106021408e-02
6.167226819279527650e-01 -5.022063457346401250e-02
6.090716206982712544e-01 -5.276381668881553744e-02
6.013936476782563156e-01 -5.531622432450383070e-02
5.936906572928624115e-01 -5.787221116610644089e-02
5.859645501397048317e-01 -6.042609131834906361e-02
5.782172325201154761e-01 -6.297216965629479080e-02
5.704506159687913192e-01 -6.550477223122908033e-02
5.626666167821521292e-01 -6.801827643202182361e-02
5.548671555455225723e-01 -7.050714060307190778e-02
5.470541566592571625e-01 -7.296593282432407845e-02
5.392295478639225204e-01 -7.538935856729099549e-02
5.313952597646567355e-01 -7.777228695343554876e-02
5.235532253548214054e-01 -8.010977535753734113e-02
5.157053795390641460e-01 -8.239709211857366988e-02
5.078536586559103672e-01 -8.462973714393313973e-02
5.000000000000001110e-01 -8.680346021912233034e-02
4.921463413440896884e-01 -8.891427686415248610e-02
4.842946204609359095e-01 -9.095848160908200086e-02
4.764467746451786501e-01 -9.293265859428592734e-02
4.686047402353433755e-01 -9.483368943541804763e-02
4.607704521360775907e-01 -9.665875832823388192e-02
4.529458433407428375e-01 -9.840535440388313571e-02
4.451328444544774277e-01 -1.000712713804554621e-01
4.373333832178478708e-01 -1.016546045909063334e-01
4.295493840312086808e-01 -1.031537455004866988e-01
4.217827674798846349e-01 -1.045673738579450812e-01
4.140354498602952238e-01 -1.058944476535786938e-01
4.063093427071377550e-01 -1.071341910832490502e-01
3.986063523217437399e-01 -1.082860807403506626e-01
3.909283793017287456e-01 -1.093498302770780778e-01
3.832773180720473460e-01 -1.103253737919118738e-01
3.756550564175726303e-01 -1.112128482117901995e-01
3.680634750173136238e-01 -1.120125749448170199e-01
3.605044469803853624e-01 -1.127250410824822136e-01
3.529798373838480829e-01 -1.133508804292245459e-01
3.454915028125262744e-01 -1.138908546318047332e-01
3.380412909009252731e-01 -1.143458346715049007e-01
3.306310398773543713e-01 -1.147167829688257867e-01
3.232625781103714013e-01 -1.150047363333621259e-01
3.159377236576610404e-01 -1.152107899712243311e-01
3.086582838174550814e-01 -1.153360827391111953e-01
3.014260546826097453e-01 -1.153817838083237290e-01
2.942428206974456728e-01 -1.153490808741204632e-01
2.871103542174636702e-01 -1.152391700163178934e-01
2.800304150720424601e-01 -1.150532472864476408e-01
2.730047501302266255e-01 -1.147925020656189871e-01
2.660350928697133299e-01 -1.144581122060170236e-01
2.591231629491423938e-01 -1.140512409382183623e-01
2.522706657837961997e-01 -1.135730354967241923e-01
2.454792921248143966e-01 -1.130246273877796720e-01
2.387507176420255450e-01 -1.124071341971160098e-01
2.320866025105017272e-01 -1.117216628111257909e-01
2.254885910009341576e-01 -1.109693139035201753e-01
2.189583110739347083e-01 -1.101511875210495067e-01
2.124973739783607707e-01 -1.092683895866215504e-01
2.061073738537634870e-01 -1.083220391263447629e-01
1.997898873370579920e-01 -1.073132760187774232e-01
1.935464731735117572e-01 -1.062432690600405433e-01
1.873786718321474032e-01 -1.051132241374654608e-01
1.812880051256551828e-01 -1.039243923070292119e-01
1.752759758349082264e-01 -1.026780775758535241e-01
1.693440673381740869e-01 -1.013756442003479336e-01
1.634937432451133432e-01 -1.000185233228957637e-01
1.577264470356556925e-01 -9.860821878507305960e-02
1.520436017038428456e-01 -9.714631197288704778e-02
1.464466094067262691e-01 -9.563446556910407126e-02
1.409368511184055928e-01 -9.407442610898199276e-02
1.355156862892942238e-01 -9.246802525825509322e-02
1.301844525106951589e-01 -9.081717975558746547e-02
1.249444651847702037e-01 -8.912388998551927510e-02
1.197970171999845346e-01 -8.739023717173322048e-02
1.147433786121054289e-01 -8.561837920387702083e-02
1.097847963308351549e-01 -8.381054513378519144e-02
1.049224938121548489e-01 -8.196902839839535770e-02
1.001576707564547086e-01 -8.009617884661861253e-02
9.549150281252627437e-02 -7.819439366559198523e-02
9.092514128748829805e-02 -7.626610731788169284e-02
8.645971286271908474e-02 -7.431378061508496502e-02
8.209631931586486298e-02 -7.233988906476247760e-02
7.783603724899246235e-02 -7.034691063658601862e-02
7.367991782295391090e-02 -6.833731309997280456e-02
6.962898649802817808e-02 -6.631354108926180990e-02
6.568424278090440049e-02 -6.427800305373242151e-02
6.184665997806820803e-02 -6.223305824853320872e-02
5.811718495565326714e-02 -6.018100391902051621e-02
5.449673790581605060e-02 -5.812406282525509060e-02
5.098621211969217581e-02 -5.606437124568268426e-02
4.758647376699026710e-02 -5.400396758953849435e-02
4.429836168227735405e-02 -5.194478173653730574e-02
4.112268715800942998e-02 -4.988862521018874729e-02
3.806023374435663076e-02 -4.783718227789166694e-02
3.511175705587432638e-02 -4.579200205710436122e-02
3.227798458506631052e-02 -4.375449169261573512e-02
2.955961552288727257e-02 -4.172591065554667050e-02
2.695732058622735128e-02 -3.970736620043587711e-02
2.447174185242323441e-02 -3.769981000285463346e-02
2.210349260083493972e-02 -3.570403598666138656e-02
1.985315716152846743e-02 -3.372067933744680307e-02
1.772129077110096151e-02 -3.175021668708166017e-02
1.570841943568446197e-02 -2.979296744370435457e-02
1.381503980116172148e-02 -2.784909623205538212e-02
1.204161903062628269e-02 -2.591861640085139223e-02
1.038859468911712547e-02 -2.400139454691747887e-02
8.856374635655639427e-03 -2.209715600005574335e-02
7.445336922613066122e-03 -2.020549120809374266e-02
6.155829702431114825e-03 -1.832586295815347155e-02
4.988171141721231550e-03 -1.645761436784009060e-02
3.942649342761062048e-03 -1.459997757864101194e-02
3.019522272410146702e-03 -1.275208308324978813e-02
2.219017698460001853e-03 -1.091296961862246381e-02
1.541333133436018077e-03 -9.081594557219380137e-03
9.866357858642205159e-04 -7.256844729913275796e-03
5.550625190149927057e-04 -5.437547615325336731e-03
2.467198171341999924e-04 -3.622482831740512620e-03
6.168375916970614270e-05 -1.810393869123621364e-03
0.000000000000000000e+00 0.000000000000000000e+00
6.168375916970614270e-05 2.219390392964509795e-03
2.467198171341999924e-04 4.440428594568554717e-03
5.550625190149927057e-04 6.664215118463170939e-03
9.866357858642205159e-04 8.891804992429754376e-03
1.541333133436018077e-03 1.112418595075185916e-02
2.219017698460001853e-03 1.336225765339516154e-02
3.019522272410146702e-03 1.560681224478685514e-02
3.942649342761062048e-03 1.785851654048725007e-02
4.988171141721231550e-03 2.011789610035162948e-02
6.155829702431114825e-03 2.238532141248641971e-02
7.445336922613066122e-03 2.466099637409170306e-02
8.856374635655639427e-03 2.694494921390366143e-02
1.038859468911712547e-02 2.923702595724475897e-02
1.204161903062628269e-02 3.153688648949153073e-02
1.381503980116172148e-02 3.384400322800297511e-02
1.570841943568446197e-02 3.615766236708117809e-02
1.772129077110096151e-02 3.847696761627723838e-02
1.985315716152846743e-02 4.080084631014090774e-02
2.210349260083493972e-02 4.312805772817370625e-02
2.447174185242323441e-02 4.545720342801842784e-02
2.695732058622735128e-02 4.778673936347725693e-02
2.955961552288727257e-02 5.011498953237789045e-02
3.227798458506631052e-02 5.244016087806796511e-02
3.511175705587432638e-02 5.476035915279139910e-02
3.806023374435663076e-02 5.707360544161216298e-02
4.112268715800942998e-02 5.937785304203804099e-02
4.429836168227735405e-02 6.167100439704134573e-02
4.758647376699026710e-02 6.395092778765507080e-02
5.098621211969217581e-02 6.621547350548448452e-02
5.449673790581605060e-02 6.846248924495683397e-02
5.811718495565326714e-02 7.068983447945183241e-02
6.184665997806820803e-02 7.289539361406228990e-02
6.568424278090440049e-02 7.507708773995963591e-02
6.962898649802817808e-02 7.723288485046730933e-02
7.367991782295391090e-02 7.936080841621262483e-02
7.783603724899246235e-02 8.145894425530168792e-02
8.209631931586486298e-02 8.352544567353654970e-02
8.645971286271908474e-02 8.555853688841565108e-02
9.092514128748829805e-02 8.755651478822708278e-02
9.549150281252627437e-02 8.951774911316205674e-02
1.001576707564547086e-01 9.144068117832820919e-02
1.049224938121548489e-01 9.332382128813264399e-02
1.097847963308351549e-01 9.516574501717486867e-02
1.147433786121054289e-01 9.696508855400626237e-02
1.197970171999845346e-01 9.872054332050797520e-02
1.249444651847702037e-01 1.004308500908886320e-01
1.301844525106951589e-01 1.020947928402614474e-01
1.355156862892942238e-01 1.037111925533343165e-01
1.409368511184055928e-01 1.052789012190172846e-01
1.464466094067262691e-01 1.067967962268728255e-01
1.520436017038428456e-01 1.082637753665900981e-01
1.577264470356556925e-01 1.096787526124424483e-01
1.634937432451133432e-01 1.110406548514574071e-01
1.693440673381740869e-01 1.123484196873618252e-01
1.752759758349082264e-01 1.136009944228757729e-01
1.812880051256551828e-01 1.147973362913289053e-01
1.873786718321474032e-01 1.159364139755607315e-01
1.935464731735117572e-01 1.170172104184264705e-01
1.997898873370579920e-01 1.180387268956881591e-01
2.061073738537634870e-01 1.189999882894174354e-01
2.124973739783607707e-01 1.199000494689593521e-01
2.189583110739347083e-01 1.207380026577287713e-01
2.254885910009341576e-01 1.215129856382355239e-01
2.320866025105017272e-01 1.222241906253386245e-01
2.387507176420255450e-01 1.228708736192969386e-01
2.454792921248143966e-01 1.234523640360910557e-01
2.522706657837961997e-01 1.239680744030486753e-01
2.591231629491423938e-01 1.244175099031944037e-01
2.660350928697133299e-01 1.248002775520335034e-01
2.730047501302266255e-01 1.251160947956680425e-01
2.800304150720424601e-01 1.253647973290663853e-01
2.871103542174636702e-01 1.255463459477416388e-01
2.942428206974456728e-01 1.256608322646997900e-01
3.014260546826097453e-01 1.257084831468646136e-01
3.086582838174550814e-01 1.256896637507632364e-01
3.159377236576610404e-01 1.256048790654940295e-01
3.232625781103714013e-01 1.254547739012598362e-01
3.306310398773543713e-01 1.252401312933625332e-01
3.380412909009252731e-01 1.249618693238209316e-01
3.454915028125262744e-01 1.246210363949824262e-01
3.529798373838480829e-01 1.242188050209479949e-01
3.605044469803853624e-01 1.237564642326264286e-01
3.680634750173136238e-01 1.232354107201395071e-01
3.756550564175726303e-01 1.226571388615094321e-01
3.832773180720473460e-01 1.220232298085310724e-01
3.909283793017287456e-01 1.213353398190121640e-01
3.986063523217437399e-01 1.205951880387656217e-01
4.063093427071377550e-01 1.198045439465697387e-01
4.140354498602952238e-01 1.189652146805920685e-01
4.217827674798846349e-01 1.180790324653981094e-01
4.295493840312086808e-01 1.171478423546620656e-01
4.373333832178478708e-01 1.161734904961571335e-01
4.451328444544774277e-01 1.151578131127649479e-01
4.529458433407428375e-01 1.141026263763851162e-01
4.607704521360775907e-01 1.130097173311555431e-01
4.686047402353433755e-01 1.118808359987727569e-01
4.764467746451786501e-01 1.107176887724589387e-01
4.842946204609359095e-01 1.095219331778532895e-01
4.921463413440896884e-01 1.082951740494327436e-01
5.000000000000001110e-01 1.070389611406400987e-01
5.078536586559103672e-01 1.057547881554045666e-01
5.157053795390641460e-01 1.044440931588078852e-01
5.235532253548214054e-01 1.031082602959679378e-01
5.313952597646567355e-01 1.017486227213601907e-01
5.392295478639225204e-01 1.003664666163684022e-01
5.470541566592571625e-01 9.896303615135629284e-02
5.548671555455225723e-01 9.753953923042385510e-02
5.626666167821521292e-01 9.609715384263092797e-02
5.704506159687913192e-01 9.463703483311608489e-02
5.782172325201154761e-01 9.316032090140134725e-02
5.859645501397048317e-01 9.166814163235979807e-02
5.936906572928624115e-01 9.016162436782446110e-02
6.013936476782563156e-01 8.864190073355317223e-02
6.090716206982712544e-01 8.711011264703903689e-02
6.167226819279527650e-01 8.556741764620517943e-02
6.243449435824274252e-01 8.401499339698687008e-02
6.319365249826864872e-01 8.245404125875793744e-02
6.394955530196146931e-01 8.088578881001430576e-02
6.470201626161520281e-01 7.931149126213901668e-02
6.545084971874737256e-01 7.773243171586703693e-02
6.619587090990747269e-01 7.614992024263049497e-02
6.693689601226457953e-01 7.456529180068340035e-02
6.767374218896285987e-01 7.297990302315693345e-02
6.840622763423389596e-01 7.139512794138376528e-02
6.913417161825449186e-01 6.981235273137662012e-02
6.985739453173903657e-01 6.823296959371963344e-02
7.057571793025544382e-01 6.665836989685183789e-02
7.128896457825363298e-01 6.508993673037341554e-02
7.199695849279575954e-01 6.352903702823832488e-02
7.269952498697733745e-01 6.197701343125014417e-02
7.339649071302868366e-01 6.043517606396286296e-02
7.408768370508577172e-01 5.890479440281628370e-02
7.477293342162038003e-01 5.738708941009458553e-02
7.545207078751856589e-01 5.588322610217694164e-02
7.612492823579743995e-01 5.439430671071100037e-02
7.679133974894984949e-01 5.292136458204315524e-02
7.745114089990658979e-01 5.146535894380403764e-02
7.810416889260654028e-01 5.002717064836744582e-02
7.875026260216393403e-01 4.860759898143466456e-02
7.938926261462364575e-01 4.720735960073050436e-02
8.002101126629421746e-01 4.582708364528236683e-02
8.064535268264882983e-01 4.446731803053764753e-02
8.126213281678525968e-01 4.312852691923027559e-02
8.187119948743448727e-01 4.181109433300910644e-02
8.247240241650917181e-01 4.051532784592914993e-02
8.306559326618260242e-01 3.924146327852093968e-02
8.365062567548866568e-01 3.798967029077277707e-02
8.422735529643443630e-01 3.676005875442272391e-02
8.479563982961570989e-01 3.555268576984849105e-02
8.535533905932737309e-01 3.436756318086264805e-02
8.590631488815945183e-01 3.320466543211957056e-02
8.644843137107058872e-01 3.206393760876652399e-02
8.698155474893048966e-01 3.094530349651046508e-02
8.750555348152297963e-01 2.984867350241600728e-02
8.802029828000155209e-01 2.877395228241184932e-02
8.852566213878947377e-01 2.772104593049889293e-02
8.902152036691648451e-01 2.668986859678106754e-02
8.950775061878452066e-01 2.568034841637091212e-02
8.998423292435453469e-01 2.469243264858654238e-02
9.045084971874737256e-01 2.372609194522939946e-02
9.090748587125118130e-01 2.278132368765303437e-02
9.135402871372809708e-01 2.185815435430281742e-02
9.179036806841351925e-01 2.095664090291015844e-02
9.221639627510075377e-01 2.007687117404326205e-02
9.263200821770462001e-01 1.921896334472689150e-02
9.303710135019718219e-01 1.838306448184957170e-02
9.343157572190956550e-01 1.756934826460021526e-02
9.381533400219317365e-01 1.677801196278804613e-02
9.418828150443467884e-01 1.600927277320730174e-02
9.455032620941840049e-01 1.526336362888965070e-02
9.490137878803078797e-01 1.454052860587046539e-02
9.524135262330097884e-01 1.384101805879267566e-02
9.557016383177225904e-01 1.316508362015576805e-02
9.588773128419905145e-01 1.251297319824912040e-02
9.619397662556434803e-01 1.188492610581635966e-02
9.648882429441256736e-01 1.128116844539077922e-02
9.677220154149337450e-01 1.070190886819903306e-02
9.704403844771127829e-01 1.014733481180314818e-02
9.730426794137726487e-01 9.617609307541456765e-03
9.755282581475768211e-01 9.112868432709891886e-03
9.778965073991651158e-01 8.633219464695224277e-03
9.801468428384715326e-01 8.178739775380184512e-03
9.822787092288990385e-01 7.749476484552254157e-03
9.842915805643155380e-01 7.345446871243698980e-03
9.861849601988383895e-01 6.966639522392811465e-03
9.879583809693737173e-01 6.613016179418607782e-03
9.896114053108828745e-01 6.284514225693404663e-03
9.911436253643444161e-01 5.981049741903107092e-03
9.925546630773869339e-01 5.702521042278765016e-03
9.938441702975688852e-01 5.448812592997112278e-03
9.950118288582787685e-01 5.219799204953078607e-03
9.960573506572389935e-01 5.015350386807350923e-03
9.969804777275899088e-01 4.835334740851271983e-03
9.977809823015399981e-01 4.679624283869679782e-03
9.984586668665640374e-01 4.548098577819032623e-03
9.990133642141357795e-01 4.440648560689616428e-03
9.994449374809850628e-01 4.357179976238687198e-03
9.997532801828658000e-01 4.297616312150297560e-03
9.999383162408302939e-01 4.261901169314944240e-03
1.000000000000000000e+00 4.250000000000000305e-03
