1.000000000000000000e+00 -1.000000000000000021e-03
9.999383162408302939e-01 -1.044290401296883329e-03
9.997532801828658000e-01 -1.176676775740861502e-03
9.994449374809850628e-01 -1.395714251692231449e-03
9.990133642141357795e-01 -1.699026579330741764e-03
9.984586668665640374e-01 -2.083353287384374572e-03
9.977809823015399981e-01 -2.544614420407086477e-03
9.969804777275899088e-01 -3.077991604837734124e-03
9.960573506572389935e-01 -3.678023877137470178e-03
9.950118288582787685e-01 -4.338716423195950779e-03
9.938441702975688852e-01 -5.053660130494550679e-03
9.925546630773869339e-01 -5.816159648027784644e-03
9.911436253643444161e-01 -6.619367487708990513e-03
9.896114053108828745e-01 -7.456421588010991863e-03
9.879583809693737173e-01 -8.320583698013925625e-03
9.861849601988383895e-01 -9.205375928967536592e-03
9.842915805643155380e-01 -1.010471286097161872e-02
9.822787092288990385e-01 -1.101302668348995255e-02
9.801468428384715326e-01 -1.192538298815841620e-02
9.778965073991651158e-01 -1.283758501779073448e-02
9.755282581475768211e-01 -1.374626440279395206e-02
9.730426794137726487e-01 -1.464895668071044578e-02
9.704403844771127829e-01 -1.554416019092677570e-02
9.677220154149337450e-01 -1.643137725873105442e-02
9.648882429441256736e-01 -1.731113692437697554e-02
9.619397662556434803e-01 -1.818499882678584201e-02
9.588773128419905145e-01 -1.905553821093496081e-02
9.557016383177225904e-01 -1.992631238571606483e-02
9.524135262330097884e-01 -2.080180930806357562e-02
9.490137878803078797e-01 -2.168737930260647429e-02
9.455032620941840049e-01 -2.258915123753110071e-02
9.418828150443467884e-01 -2.351393476075646846e-02
9.381533400219317365e-01 -2.446911045054098871e-02
9.343157572190956550e-01 -2.546250994658377440e-02
9.303710135019718219e-01 -2.650228829768424069e-02
9.263200821770462001e-01 -2.759679088707713696e-02
9.221639627510075377e-01 -2.875441737460482372e-02
9.179036806841351925e-01 -2.998348512480979167e-02
9.135402871372809708e-01 -3.129209457171450159e-02
9.090748587125118130e-01 -3.268799890534317826e-02
9.045084971874737256e-01 -3.417848035374173449e-02
8.998423292435453469e-01 -3.577023518006674369e-02
8.950775061878452066e-01 -3.746926932079708283e-02
8.902152036691648451e-01 -3.928080636258032138e-02
8.852566213878947377e-01 -4.120920929664308174e-02
8.802029828000155209e-01 -4.325791720660535078e-02
8.750555348152297963e-01 -4.542939774391974161e-02
8.698155474893048966e-01 -4.772511593130582958e-02
8.644843137107058872e-01 -5.014551951492123016e-02
8.590631488815945183e-01 -5.269004076713547369e-02
8.535533905932737309e-01 -5.535711433005717497e-02
8.479563982961570989e-01 -5.814421039161800364e-02
8.422735529643443630e-01 -6.104788220688138478e-02
8.365062567548866568e-01 -6.406382672270204137e-02
8.306559326618260242e-01 -6.718695683872266677e-02
8.247240241650917181e-01 -7.041148364609312038e-02
8.187119948743448727e-01 -7.373100683062085159e-02
8.126213281678525968e-01 -7.713861131190367926e-02
8.064535268264882983e-01 -8.062696811605817027e-02
8.002101126629421746e-01 -8.418843744781559502e-02
7.938926261462364575e-01 -8.781517193793775267e-02
7.875026260216393403e-01 -9.149921809320329946e-02
7.810416889260654028e-01 -9.523261406686714392e-02
7.745114089990658979e-01 -9.900748199490570778e-02
7.679133974894984949e-01 -1.028161133042670566e-01
7.612492823579743995e-01 -1.066510455897459186e-01
7.545207078751856589e-01 -1.105051298714987557e-01
7.477293342162038003e-01 -1.143715872806161798e-01
7.408768370508577172e-01 -1.182440544702225982e-01
7.339649071302868366e-01 -1.221166173087427365e-01
7.269952498697733745e-01 -1.259838326745525428e-01
7.199695849279575954e-01 -1.298407384315784230e-01
7.128896457825363298e-01 -1.336828519179882879e-01
7.057571793025544382e-01 -1.375061575196508123e-01
6.985739453173903657e-01 -1.413070841216240714e-01
6.913417161825449186e-01 -1.450824734301075503e-01
6.840622763423389596e-01 -1.488295403301689024e-01
6.767374218896285987e-01 -1.525458265878594510e-01
6.693689601226457953e-01 -1.562291493165003931e-01
6.619587090990747269e-01 -1.598775457041064496e-01
6.545084971874737256e-01 -1.634892155410633818e-01
6.470201626161520281e-01 -1.670624630940009403e-01
6.394955530196146931e-01 -1.705956398438017718e-01
6.319365249826864872e-01 -1.740870895441108956e-01
6.243449435824274252e-01 -1.775350969635418052e-01
6.167226819279527650e-01 -1.809378415526363415e-01
6.090716206982712544e-01 -1.842933571287873606e-01
6.013936476782563156e-01 -1.875994985025160045e-01
5.936906572928624115e-01 -1.908539157809187314e-01
5.859645501397048317e-01 -1.940540368832686935e-01
5.782172325201154761e-01 -1.971970585944385901e-01
5.704506159687913192e-01 -2.002799462688710785e-01
5.626666167821521292e-01 -2.032994420861356510e-01
5.548671555455225723e-01 -2.062520815534724938e-01
5.470541566592571625e-01 -2.091342177556920201e-01
5.392295478639225204e-01 -2.119420526726689402e-01
5.313952597646567355e-01 -2.146716747232999822e-01
5.235532253548214054e-01 -2.173191015555978045e-01
5.157053795390641460e-01 -2.198803269884141431e-01
5.078536586559103672e-01 -2.223513709233792823e-01
5.000000000000001110e-01 -2.247283309875924562e-01
4.921463413440896884e-01 -2.270074346393483322e-01
4.842946204609359095e-01 -2.291850904709360204e-01
4.764467746451786501e-01 -2.312579374738852056e-01
4.686047402353433755e-01 -2.332228910917855391e-01
4.607704521360775907e-01 -2.350771849722845808e-01
4.529458433407428375e-01 -2.368184074406406436e-01
4.451328444544774277e-01 -2.384445318494942123e-01
4.373333832178478708e-01 -2.399539401099189118e-01
4.295493840312086808e-01 -2.413454388736596679e-01
4.217827674798846349e-01 -2.426182680117575097e-01
4.140354498602952238e-01 -2.437721012163104051e-01
4.063093427071377550e-01 -2.448070387356537092e-01
3.986063523217437399e-01 -2.457235924344876588e-01
3.909283793017287456e-01 -2.465226635452412995e-01
3.832773180720473460e-01 -2.472055136413014720e-01
3.756550564175726303e-01 -2.477737295129055495e-01
3.680634750173136238e-01 -2.482291827592242317e-01
3.605044469803853624e-01 -2.485739850225121839e-01
3.529798373838480829e-01 -2.488104398798396399e-01
3.454915028125262744e-01 -2.489409924729535095e-01
3.380412909009252731e-01 -2.489681779960504771e-01
3.306310398773543713e-01 -2.488945701740226113e-01
3.232625781103714013e-01 -2.487227308500397083e-01
3.159377236576610404e-01 -2.484551617617755670e-01
3.086582838174550814e-01 -2.480942595213705137e-01
3.014260546826097453e-01 -2.476422747270762836e-01
2.942428206974456728e-01 -2.471012760267752018e-01
2.871103542174636702e-01 -2.464731198279029034e-01
2.800304150720424601e-01 -2.457594262078715841e-01
2.730047501302266255e-01 -2.449615614273427111e-01
2.660350928697133299e-01 -2.440806272892928064e-01
2.591231629491423938e-01 -2.431174574236000807e-01
2.522706657837961997e-01 -2.420726204137064741e-01
2.454792921248143966e-01 -2.409464295226484420e-01
2.387507176420255450e-01 -2.397389586241076842e-01
2.320866025105017272e-01 -2.384500638036273490e-01
2.254885910009341576e-01 -2.370794099689750578e-01
2.189583110739347083e-01 -2.356265016997076411e-01
2.124973739783607707e-01 -2.340907174766791721e-01
2.061073738537634870e-01 -2.324713463645273204e-01
1.997898873370579920e-01 -2.307676261754856850e-01
1.935464731735117572e-01 -2.289787821220500286e-01
1.873786718321474032e-01 -2.271040649694152092e-01
1.812880051256551828e-01 -2.251427877258914134e-01
1.752759758349082264e-01 -2.230943599598711746e-01
1.693440673381740869e-01 -2.209583189040033036e-01
1.634937432451133432e-01 -2.187343565990936822e-01
1.577264470356556925e-01 -2.164223424396306827e-01
1.520436017038428456e-01 -2.140223406068968992e-01
1.464466094067262691e-01 -2.115346220113802633e-01
1.409368511184055928e-01 -2.089596705102292062e-01
1.355156862892942238e-01 -2.062981833143469612e-01
1.301844525106951589e-01 -2.035510656497229731e-01
1.249444651847702037e-01 -2.007194198851646738e-01
1.197970171999845346e-01 -1.978045294801431542e-01
1.147433786121054289e-01 -1.948078382386168317e-01
1.097847963308351549e-01 -1.917309254742793345e-01
1.049224938121548489e-01 -1.885754777968435270e-01
1.001576707564547086e-01 -1.853432583152634094e-01
9.549150281252627437e-02 -1.820360741201307031e-01
9.092514128748829805e-02 -1.786557429523623897e-01
8.645971286271908474e-02 -1.752040599875999971e-01
8.209631931586486298e-02 -1.716827656650418144e-01
7.783603724899246235e-02 -1.680935154656975627e-01
7.367991782295391090e-02 -1.644378524989384138e-01
6.962898649802817808e-02 -1.607171836887828498e-01
6.568424278090440049e-02 -1.569327602642871522e-01
6.184665997806820803e-02 -1.530856631537371171e-01
5.811718495565326714e-02 -1.491767937626169716e-01
5.449673790581605060e-02 -1.452068704833784918e-01
5.098621211969217581e-02 -1.411764311440444064e-01
4.758647376699026710e-02 -1.370858414559620042e-01
4.429836168227735405e-02 -1.329353093721302448e-01
4.112268715800942998e-02 -1.287249051199564898e-01
3.806023374435663076e-02 -1.244545865295949294e-01
3.511175705587432638e-02 -1.201242291445979715e-01
3.227798458506631052e-02 -1.157336604786441542e-01
2.955961552288727257e-02 -1.112826976735752649e-01
2.695732058622735128e-02 -1.067711877224585687e-01
2.447174185242323441e-02 -1.021990493491134466e-01
2.210349260083493972e-02 -9.756631558424566641e-02
1.985315716152846743e-02 -9.287317604930700465e-02
1.772129077110096151e-02 -8.812001795316495856e-02
1.570841943568446197e-02 -8.330746482386919283e-02
1.381503980116172148e-02 -7.843641203787439509e-02
1.204161903062628269e-02 -7.350805827118614411e-02
1.038859468911712547e-02 -6.852393207964073418e-02
8.856374635655639427e-03 -6.348591291705336925e-02
7.445336922613066122e-03 -5.839624601798340531e-02
6.155829702431114825e-03 -5.325755070365517652e-02
4.988171141721231550e-03 -4.807282181217206046e-02
3.942649342761062048e-03 -4.284542410425504211e-02
3.019522272410146702e-03 -3.757907964994511296e-02
2.219017698460001853e-03 -3.227784835642341643e-02
1.541333133436018077e-03 -2.694610194884527327e-02
9.866357858642205159e-04 -2.158849186129872810e-02
5.550625190149927057e-04 -1.620991163039218336e-02
2.467198171341999924e-04 -1.081545450641312363e-02
6.168375916970614270e-05 -5.410367103661275004e-03
0.000000000000000000e+00 0.000000000000000000e+00
6.168375916970614270e-05 5.148628548677201475e-03
2.467198171341999924e-04 1.029582019018172347e-02
5.550625190149927057e-04 1.544001099487603799e-02
9.866357858642205159e-04 2.057962964198016900e-02
1.541333133436018077e-03 2.571309346635230683e-02
2.219017698460001853e-03 3.083880419535093079e-02
3.019522272410146702e-03 3.595514330107423689e-02
3.942649342761062048e-03 4.106046691656037306e-02
4.988171141721231550e-03 4.615310029213944010e-02
6.155829702431114825e-03 5.123133179913231389e-02
7.445336922613066122e-03 5.629340652142603152e-02
8.856374635655639427e-03 6.133751950994818791e-02
1.038859468911712547e-02 6.636180880953355954e-02
1.204161903062628269e-02 7.136434840081547215e-02
1.381503980116172148e-02 7.634314123041423261e-02
1.570841943568446197e-02 8.129611252957509582e-02
1.772129077110096151e-02 8.622110364347401745e-02
1.985315716152846743e-02 9.111586660961748518e-02
2.210349260083493972e-02 9.597805973330006402e-02
2.447174185242323441e-02 1.008052444102505857e-01
2.695732058622735128e-02 1.055948834409282805e-01
2.955961552288727257e-02 1.103443410671639258e-01
3.227798458506631052e-02 1.150508849399320271e-01
3.511175705587432638e-02 1.197116901972158781e-01
3.806023374435663076e-02 1.243238457935971347e-01
4.112268715800942998e-02 1.288843631790628219e-01
4.429836168227735405e-02 1.333901873744406108e-01
4.758647376699026710e-02 1.378382104359524019e-01
5.098621211969217581e-02 1.422252872428665937e-01
5.449673790581605060e-02 1.465482534815585880e-01
5.811718495565326714e-02 1.508039456379500209e-01
6.184665997806820803e-02 1.549892227499385378e-01
6.568424278090440049e-02 1.591009896136382773e-01
6.962898649802817808e-02 1.631362210836821425e-01
7.367991782295391090e-02 1.670919870600867385e-01
7.783603724899246235e-02 1.709654777136929704e-01
8.209631931586486298e-02 1.747540284703895108e-01
8.645971286271908474e-02 1.784551442523330256e-01
9.092514128748829805e-02 1.820665224632248003e-01
9.549150281252627437e-02 1.855860742050937651e-01
1.001576707564547086e-01 1.890119432264956711e-01
1.049224938121548489e-01 1.923425221267084928e-01
1.097847963308351549e-01 1.955764653773558459e-01
1.147433786121054289e-01 1.987126987714513404e-01
1.197970171999845346e-01 2.017504249694982432e-01
1.249444651847702037e-01 2.046891248819394105e-01
1.301844525106951589e-01 2.075285547057303392e-01
1.355156862892942238e-01 2.102687385185169622e-01
1.409368511184055928e-01 2.129099564251494547e-01
1.464466094067262691e-01 2.154527283460923870e-01
1.520436017038428456e-01 2.178977936336183863e-01
1.577264470356556925e-01 2.202460867973460579e-01
1.634937432451133432e-01 2.224987097134431269e-01
1.693440673381740869e-01 2.246569007794682327e-01
1.752759758349082264e-01 2.267220015571525527e-01
1.812880051256551828e-01 2.286954215164175575e-01
1.873786718321474032e-01 2.305786015536121503e-01
1.935464731735117572e-01 2.323729770036974396e-01
1.997898873370579920e-01 2.340799408983889884e-01
2.061073738537634870e-01 2.357008082390073811e-01
2.124973739783607707e-01 2.372367820530726923e-01
2.189583110739347083e-01 2.386889219871082268e-01
2.254885910009341576e-01 2.400581161545298492e-01
2.320866025105017272e-01 2.413450569072033702e-01
2.387507176420255450e-01 2.425502211329206292e-01
2.454792921248143966e-01 2.436738555997026712e-01
2.522706657837961997e-01 2.447159677729359994e-01
2.591231629491423938e-01 2.456763224246217292e-01
2.660350928697133299e-01 2.465544442375288969e-01
2.730047501302266255e-01 2.473496264831709923e-01
2.800304150720424601e-01 2.480609457237834825e-01
2.871103542174636702e-01 2.486872823576287972e-01
2.942428206974456728e-01 2.492273466968403794e-01
3.014260546826097453e-01 2.496797101405152097e-01
3.086582838174550814e-01 2.500428408857631180e-01
3.159377236576610404e-01 2.503151435087266896e-01
3.232625781103714013e-01 2.504950016488383113e-01
3.306310398773543713e-01 2.505808229452425873e-01
3.380412909009252731e-01 2.505710853065551968e-01
3.454915028125262744e-01 2.504643835458186807e-01
3.529798373838480829e-01 2.502594753831491881e-01
3.605044469803853624e-01 2.499553258102119591e-01
3.680634750173136238e-01 2.495511488239821885e-01
3.756550564175726303e-01 2.490464455723979675e-01
3.832773180720473460e-01 2.484410380111951311e-01
3.909283793017287456e-01 2.477350972486550840e-01
3.986063523217437399e-01 2.469291658519328636e-01
4.063093427071377550e-01 2.460241735033408261e-01
4.140354498602952238e-01 2.450214455253365564e-01
4.217827674798846349e-01 2.439227039364442462e-01
4.295493840312086808e-01 2.427300608541006488e-01
4.373333832178478708e-01 2.414460042212747681e-01
4.451328444544774277e-01 2.400733759983631754e-01
4.529458433407428375e-01 2.386153431267419300e-01
4.607704521360775907e-01 2.370753617319263373e-01
4.686047402353433755e-01 2.354571351889580000e-01
4.764467746451786501e-01 2.337645668169055502e-01
4.842946204609359095e-01 2.320017080999143277e-01
4.921463413440896884e-01 2.301727034459597476e-01
5.000000000000001110e-01 2.282817325885600490e-01
5.078536586559103672e-01 2.263329518088005310e-01
5.157053795390641460e-01 2.243304352030721649e-01
5.235532253548214054e-01 2.222781172445171816e-01
5.313952597646567355e-01 2.201797378822517581e-01
5.392295478639225204e-01 2.180387913916505271e-01
5.470541566592571625e-01 2.158584801314424872e-01
5.548671555455225723e-01 2.136416742798560864e-01
5.626666167821521292e-01 2.113908785138500224e-01
5.704506159687913192e-01 2.091082064644669836e-01
5.782172325201154761e-01 2.067953636299323106e-01
5.859645501397048317e-01 2.044536392591681795e-01
5.936906572928624115e-01 2.020839075352136860e-01
6.013936476782563156e-01 1.996866381942990210e-01
6.090716206982712544e-01 1.972619165159732735e-01
6.167226819279527650e-01 1.948094724169079917e-01
6.243449435824274252e-01 1.923287181800799883e-01
6.319365249826864872e-01 1.898187941563065362e-01
6.394955530196146931e-01 1.872786215908427698e-01
6.470201626161520281e-01 1.847069615580591295e-01
6.545084971874737256e-01 1.821024788359965341e-01
6.619587090990747269e-01 1.794638094233821923e-01
6.693689601226457953e-01 1.767896302976401379e-01
6.767374218896285987e-01 1.740787299361957752e-01
6.840622763423389596e-01 1.713300780770825316e-01
6.913417161825449186e-01 1.685428931800209695e-01
6.985739453173903657e-01 1.657167060666355496e-01
7.057571793025544382e-01 1.628514182685074363e-01
7.128896457825363298e-01 1.599473536938617879e-01
7.199695849279575954e-01 1.570053023366860812e-01
7.269952498697733745e-01 1.540265548941507079e-01
7.339649071302868366e-01 1.510129273268732975e-01
7.408768370508577172e-01 1.479667745887715269e-01
7.477293342162038003e-01 1.448909929653632023e-01
7.545207078751856589e-01 1.417890106873176681e-01
7.612492823579743995e-01 1.386647667253417260e-01
7.679133974894984949e-01 1.355226779183139330e-01
7.745114089990658979e-01 1.323675948339548547e-01
7.810416889260654028e-01 1.292047470051125024e-01
7.875026260216393403e-01 1.260396784198536957e-01
7.938926261462364575e-01 1.228781743649325908e-01
8.002101126629421746e-01 1.197261809250800557e-01
8.064535268264882983e-01 1.165897186203937452e-01
8.126213281678525968e-01 1.134747918168270558e-01
8.187119948743448727e-01 1.103872956667935890e-01
8.247240241650917181e-01 1.073329224251765440e-01
8.306559326618260242e-01 1.043170690382359128e-01
8.365062567548866568e-01 1.013447479173512356e-01
8.422735529643443630e-01 9.842050278533136243e-02
8.479563982961570989e-01 9.554833142004788560e-02
8.535533905932737309e-01 9.273161701904285292e-02
8.590631488815945183e-01 8.997306977101050818e-02
8.644843137107058872e-01 8.727468004784803834e-02
8.698155474893048966e-01 8.463768442728122898e-02
8.750555348152297963e-01 8.206254552452357798e-02
8.802029828000155209e-01 7.954894635626499899e-02
8.852566213878947377e-01 7.709579968629370894e-02
8.902152036691648451e-01 7.470127251445268790e-02
8.950775061878452066e-01 7.236282557498448231e-02
8.998423292435453469e-01 7.007726741242842339e-02
9.045084971874737256e-01 6.784082230900498334e-02
9.090748587125118130e-01 6.564921105278391511e-02
9.135402871372809708e-01 6.349774326666188240e-02
9.179036806841351925e-01 6.138141976983317594e-02
9.221639627510075377e-01 5.929504322122028381e-02
9.263200821770462001e-01 5.723333510297259896e-02
9.303710135019718219e-01 5.519105694581664945e-02
9.343157572190956550e-01 5.316313358026461544e-02
9.381533400219317365e-01 5.114477612125978290e-02
9.418828150443467884e-01 4.913160236074121806e-02
9.455032620941840049e-01 4.711975225402144363e-02
9.490137878803078797e-01 4.510599624206065167e-02
9.524135262330097884e-01 4.308783425211203111e-02
9.557016383177225904e-01 4.106358336231376305e-02
9.588773128419905145e-01 3.903245229929705462e-02
9.619397662556434803e-01 3.699460115860994658e-02
9.648882429441256736e-01 3.495118499181898430e-02
9.677220154149337450e-01 3.290438018694298583e-02
9.704403844771127829e-01 3.085739287520826782e-02
9.730426794137726487e-01 2.881444892126627799e-02
9.755282581475768211e-01 2.678076538991976119e-02
9.778965073991651158e-01 2.476250372366017513e-02
9.801468428384715326e-01 2.276670520542723938e-02
9.822787092288990385e-01 2.080120961341117361e-02
9.842915805643155380e-01 1.887455829299223078e-02
9.861849601988383895e-01 1.699588316885144654e-02
9.879583809693737173e-01 1.517478349205245158e-02
9.896114053108828745e-01 1.342119235711125569e-02
9.911436253643444161e-01 1.174523522797304986e-02
9.925546630773869339e-01 1.015708287528097747e-02
9.938441702975688852e-01 8.666801247030985964e-03
9.950118288582787685e-01 7.284200868156092377e-03
9.960573506572389935e-01 6.018688390135380067e-03
9.969804777275899088e-01 4.879122888715307568e-03
9.977809823015399981e-01 3.873679436466302001e-03
9.984586668665640374e-01 3.009722358386873395e-03
9.990133642141357795e-01 2.293690415175588925e-03
9.994449374809850628e-01 1.730995953096500090e-03
9.997532801828658000e-01 1.325939815360914356e-03
9.999383162408302939e-01 1.081643532146336515e-03
1.000000000000000000e+00 1.000000000000000021e-03
