10
1.000000000000000e+00 0.000000000000000e+00 0.000000000000000e+00
1.000000000000000e+00 3.333333333333333e-01 0.000000000000000e+00
1.000000000000000e+00 6.666666666666666e-01 0.000000000000000e+00
1.000000000000000e+00 1.000000000000000e+00 0.000000000000000e+00
6.666666666666666e-01 6.666666666666666e-01 0.000000000000000e+00
3.333333333333333e-01 3.333333333333333e-01 0.000000000000000e+00
0.000000000000000e+00 0.000000000000000e+00 0.000000000000000e+00
3.333333333333333e-01 0.000000000000000e+00 0.000000000000000e+00
6.666666666666666e-01 0.000000000000000e+00 0.000000000000000e+00
7.333333333333333e-01 2.666666666666667e-01 0.000000000000000e+00
9
10 1 2 0
10 9 1 0
10 5 6 0
5 2 3 0
6 9 10 0
2 5 10 0
8 6 7 0
5 3 4 0
9 6 8 0
