422
1.000000000000000e+00 0.000000000000000e+00 0.000000000000000e+00
1.000000000000000e+00 3.448275862068965e-02 0.000000000000000e+00
1.000000000000000e+00 6.896551724137931e-02 0.000000000000000e+00
1.000000000000000e+00 1.034482758620690e-01 0.000000000000000e+00
1.000000000000000e+00 1.379310344827586e-01 0.000000000000000e+00
1.000000000000000e+00 1.724137931034483e-01 0.000000000000000e+00
1.000000000000000e+00 2.068965517241379e-01 0.000000000000000e+00
1.000000000000000e+00 2.413793103448276e-01 0.000000000000000e+00
1.000000000000000e+00 2.758620689655172e-01 0.000000000000000e+00
1.000000000000000e+00 3.103448275862069e-01 0.000000000000000e+00
1.000000000000000e+00 3.448275862068966e-01 0.000000000000000e+00
1.000000000000000e+00 3.793103448275862e-01 0.000000000000000e+00
1.000000000000000e+00 4.137931034482759e-01 0.000000000000000e+00
1.000000000000000e+00 4.482758620689655e-01 0.000000000000000e+00
1.000000000000000e+00 4.827586206896551e-01 0.000000000000000e+00
1.000000000000000e+00 5.172413793103449e-01 0.000000000000000e+00
1.000000000000000e+00 5.517241379310345e-01 0.000000000000000e+00
1.000000000000000e+00 5.862068965517241e-01 0.000000000000000e+00
1.000000000000000e+00 6.206896551724138e-01 0.000000000000000e+00
1.000000000000000e+00 6.551724137931034e-01 0.000000000000000e+00
1.000000000000000e+00 6.896551724137931e-01 0.000000000000000e+00
1.000000000000000e+00 7.241379310344828e-01 0.000000000000000e+00
1.000000000000000e+00 7.586206896551724e-01 0.000000000000000e+00
1.000000000000000e+00 7.931034482758621e-01 0.000000000000000e+00
1.000000000000000e+00 8.275862068965517e-01 0.000000000000000e+00
1.000000000000000e+00 8.620689655172413e-01 0.000000000000000e+00
1.000000000000000e+00 8.965517241379310e-01 0.000000000000000e+00
1.000000000000000e+00 9.310344827586207e-01 0.000000000000000e+00
1.000000000000000e+00 9.655172413793103e-01 0.000000000000000e+00
1.000000000000000e+00 1.000000000000000e+00 0.000000000000000e+00
9.655172413793104e-01 9.655172413793104e-01 0.000000000000000e+00
9.310344827586207e-01 9.310344827586207e-01 0.000000000000000e+00
8.965517241379310e-01 8.965517241379310e-01 0.000000000000000e+00
8.620689655172413e-01 8.620689655172413e-01 0.000000000000000e+00
8.275862068965517e-01 8.275862068965517e-01 0.000000000000000e+00
7.931034482758621e-01 7.931034482758621e-01 0.000000000000000e+00
7.586206896551724e-01 7.586206896551724e-01 0.000000000000000e+00
7.241379310344828e-01 7.241379310344828e-01 0.000000000000000e+00
6.896551724137931e-01 6.896551724137931e-01 0.000000000000000e+00
6.551724137931034e-01 6.551724137931034e-01 0.000000000000000e+00
6.206896551724138e-01 6.206896551724138e-01 0.000000000000000e+00
5.862068965517242e-01 5.862068965517242e-01 0.000000000000000e+00
5.517241379310345e-01 5.517241379310345e-01 0.000000000000000e+00
5.172413793103448e-01 5.172413793103448e-01 0.000000000000000e+00
4.827586206896551e-01 4.827586206896551e-01 0.000000000000000e+00
4.482758620689655e-01 4.482758620689655e-01 0.000000000000000e+00
4.137931034482758e-01 4.137931034482758e-01 0.000000000000000e+00
3.793103448275862e-01 3.793103448275862e-01 0.000000000000000e+00
3.448275862068966e-01 3.448275862068966e-01 0.000000000000000e+00
3.103448275862069e-01 3.103448275862069e-01 0.000000000000000e+00
2.758620689655172e-01 2.758620689655172e-01 0.000000000000000e+00
2.413793103448276e-01 2.413793103448276e-01 0.000000000000000e+00
2.068965517241380e-01 2.068965517241380e-01 0.000000000000000e+00
1.724137931034483e-01 1.724137931034483e-01 0.000000000000000e+00
1.379310344827587e-01 1.379310344827587e-01 0.000000000000000e+00
1.034482758620690e-01 1.034482758620690e-01 0.000000000000000e+00
6.896551724137934e-02 6.896551724137934e-02 0.000000000000000e+00
3.448275862068961e-02 3.448275862068961e-02 0.000000000000000e+00
0.000000000000000e+00 0.000000000000000e+00 0.000000000000000e+00
3.448275862068965e-02 0.000000000000000e+00 0.000000000000000e+00
6.896551724137931e-02 0.000000000000000e+00 0.000000000000000e+00
1.034482758620690e-01 0.000000000000000e+00 0.000000000000000e+00
1.379310344827586e-01 0.000000000000000e+00 0.000000000000000e+00
1.724137931034483e-01 0.000000000000000e+00 0.000000000000000e+00
2.068965517241379e-01 0.000000000000000e+00 0.000000000000000e+00
2.413793103448276e-01 0.000000000000000e+00 0.000000000000000e+00
2.758620689655172e-01 0.000000000000000e+00 0.000000000000000e+00
3.103448275862069e-01 0.000000000000000e+00 0.000000000000000e+00
3.448275862068966e-01 0.000000000000000e+00 0.000000000000000e+00
3.793103448275862e-01 0.000000000000000e+00 0.000000000000000e+00
4.137931034482759e-01 0.000000000000000e+00 0.000000000000000e+00
4.482758620689655e-01 0.000000000000000e+00 0.000000000000000e+00
4.827586206896551e-01 0.000000000000000e+00 0.000000000000000e+00
5.172413793103449e-01 0.000000000000000e+00 0.000000000000000e+00
5.517241379310345e-01 0.000000000000000e+00 0.000000000000000e+00
5.862068965517241e-01 0.000000000000000e+00 0.000000000000000e+00
6.206896551724138e-01 0.000000000000000e+00 0.000000000000000e+00
6.551724137931034e-01 0.000000000000000e+00 0.000000000000000e+00
6.896551724137931e-01 0.000000000000000e+00 0.000000000000000e+00
7.241379310344828e-01 0.000000000000000e+00 0.000000000000000e+00
7.586206896551724e-01 0.000000000000000e+00 0.000000000000000e+00
7.931034482758621e-01 0.000000000000000e+00 0.000000000000000e+00
8.275862068965517e-01 0.000000000000000e+00 0.000000000000000e+00
8.620689655172413e-01 0.000000000000000e+00 0.000000000000000e+00
8.965517241379310e-01 0.000000000000000e+00 0.000000000000000e+00
9.310344827586207e-01 0.000000000000000e+00 0.000000000000000e+00
9.655172413793103e-01 0.000000000000000e+00 0.000000000000000e+00
9.679620536484674e-01 5.168743039169842e-02 0.000000000000000e+00
9.697781470697743e-01 8.706488157475012e-02 0.000000000000000e+00
9.408148801726348e-01 6.907809475053361e-02 0.000000000000000e+00
9.763925417697842e-01 2.311005495770515e-02 0.000000000000000e+00
6.582768850416341e-02 2.901691712333772e-02 0.000000000000000e+00
9.151392803274955e-02 2.033803773680933e-02 0.000000000000000e+00
9.721513105447571e-01 9.401664894864853e-01 0.000000000000000e+00
9.596021931382546e-01 9.046645304129713e-01 0.000000000000000e+00
1.193143972988907e-01 2.627634643018953e-02 0.000000000000000e+00
1.321130221611795e-01 5.971387514501964e-02 0.000000000000000e+00
9.655565126809304e-02 5.031518914114803e-02 0.000000000000000e+00
1.543244719864949e-01 2.729097655816018e-02 0.000000000000000e+00
1.728283495325184e-01 5.942254574510870e-02 0.000000000000000e+00
2.409760235698874e-01 4.235947415896321e-02 0.000000000000000e+00
2.173249070374590e-01 2.475669017166992e-02 0.000000000000000e+00
2.708482481803132e-01 2.971733961041395e-02 0.000000000000000e+00
1.524086934182473e-01 9.790326330683022e-02 0.000000000000000e+00
1.956660483496378e-01 9.092495226644015e-02 0.000000000000000e+00
1.820080665125185e-01 1.290891859690019e-01 0.000000000000000e+00
3.302195225199921e-01 1.690412288822228e-01 0.000000000000000e+00
2.841718683987915e-01 1.560756784674883e-01 0.000000000000000e+00
3.118457045193367e-01 1.270315538280351e-01 0.000000000000000e+00
3.975007274095584e-01 3.575205811537700e-02 0.000000000000000e+00
3.005587178822908e-01 4.829948666626503e-02 0.000000000000000e+00
3.257300807363993e-01 2.616180712449954e-02 0.000000000000000e+00
3.359640177628926e-01 6.203756514986518e-02 0.000000000000000e+00
2.688113827016129e-01 1.129019365471018e-01 0.000000000000000e+00
3.017242681464087e-01 8.603578112301354e-02 0.000000000000000e+00
4.288474877308965e-01 5.842274048058059e-02 0.000000000000000e+00
4.287410582519387e-01 2.672332680840745e-02 0.000000000000000e+00
4.552881106019976e-01 3.944183544607964e-02 0.000000000000000e+00
3.356151237387176e-01 2.897051203747903e-01 0.000000000000000e+00
5.632033328007764e-01 2.387592437812274e-02 0.000000000000000e+00
5.347356254313662e-01 4.940400326248382e-02 0.000000000000000e+00
5.337963364448394e-01 1.901414413409397e-02 0.000000000000000e+00
4.122313706398285e-01 2.913253319387078e-01 0.000000000000000e+00
4.148435772756249e-01 3.402559893238060e-01 0.000000000000000e+00
3.759328767511004e-01 3.208182838339850e-01 0.000000000000000e+00
5.523616388015415e-01 3.129739642515461e-01 0.000000000000000e+00
5.186017371846627e-01 3.000325559957686e-01 0.000000000000000e+00
5.426443473814822e-01 2.809290843278424e-01 0.000000000000000e+00
4.757220804872728e-01 3.952192837866999e-01 0.000000000000000e+00
5.170093372093043e-01 3.866094669129643e-01 0.000000000000000e+00
5.106659385897685e-01 4.230343834844168e-01 0.000000000000000e+00
7.429691673439417e-01 2.368437573654228e-02 0.000000000000000e+00
9.374245400066674e-01 8.668006947152119e-01 0.000000000000000e+00
8.995784718985543e-01 8.480455020155255e-01 0.000000000000000e+00
8.664760439813145e-01 8.183779704947821e-01 0.000000000000000e+00
9.051016468308922e-01 8.099411015590310e-01 0.000000000000000e+00
9.724832348248166e-01 8.737420365623982e-01 0.000000000000000e+00
9.653894409791609e-01 8.386242680286361e-01 0.000000000000000e+00
8.343608219906242e-01 7.812655761623495e-01 0.000000000000000e+00
8.216122094994918e-01 7.349960146172086e-01 0.000000000000000e+00
8.527406366705962e-01 7.058456893249658e-01 0.000000000000000e+00
8.562281250263759e-01 7.467792878776611e-01 0.000000000000000e+00
7.971874589910282e-01 7.565604027539365e-01 0.000000000000000e+00
7.730808521685560e-01 7.156640759117899e-01 0.000000000000000e+00
9.385523293995439e-01 6.790354681046207e-01 0.000000000000000e+00
9.399317491713817e-01 6.391615023775773e-01 0.000000000000000e+00
9.699021489277544e-01 6.740205774796177e-01 0.000000000000000e+00
9.752852331214935e-01 5.804101898444743e-01 0.000000000000000e+00
9.737255085712491e-01 6.098071718012911e-01 0.000000000000000e+00
8.377586309867117e-01 5.505792108836276e-01 0.000000000000000e+00
8.000463226370244e-01 5.335987183977002e-01 0.000000000000000e+00
8.227599935240834e-01 5.150170593545590e-01 0.000000000000000e+00
6.569573017282316e-01 6.044236942674913e-01 0.000000000000000e+00
6.933107643728240e-01 6.031836577810273e-01 0.000000000000000e+00
6.906515781669780e-01 6.388665446395436e-01 0.000000000000000e+00
9.444692264956878e-01 5.947940908903208e-01 0.000000000000000e+00
9.296583323864139e-01 5.334401938565879e-01 0.000000000000000e+00
9.682182857537384e-01 5.275317546032353e-01 0.000000000000000e+00
9.565582157931736e-01 5.595784281188403e-01 0.000000000000000e+00
7.248091312270279e-01 6.606985575221023e-01 0.000000000000000e+00
7.284064395843936e-01 6.166313652236062e-01 0.000000000000000e+00
7.598527074279836e-01 6.455748475550211e-01 0.000000000000000e+00
6.199953032047845e-01 5.817014638482756e-01 0.000000000000000e+00
7.881976661163972e-01 4.966822300077676e-01 0.000000000000000e+00
6.177444482116229e-01 4.885973414115945e-01 0.000000000000000e+00
5.967626039316105e-01 5.372796820077096e-01 0.000000000000000e+00
5.756900626248287e-01 4.916974068410654e-01 0.000000000000000e+00
9.683062778611599e-01 3.924866289608802e-01 0.000000000000000e+00
6.622253047251387e-01 4.727688670399793e-01 0.000000000000000e+00
6.278397281106554e-01 4.418188873234347e-01 0.000000000000000e+00
9.729073454261060e-01 3.617389941689699e-01 0.000000000000000e+00
4.832264331266600e-01 4.389699406645688e-01 0.000000000000000e+00
8.072999074608946e-01 2.468395177642866e-02 0.000000000000000e+00
7.750618251614849e-01 3.666515480123583e-02 0.000000000000000e+00
5.889103595379747e-01 1.035572303970917e-01 0.000000000000000e+00
6.294821253805637e-01 1.000755901793070e-01 0.000000000000000e+00
6.020194140327545e-01 1.415446465927371e-01 0.000000000000000e+00
8.529616627239117e-01 2.343739072054830e-01 0.000000000000000e+00
8.590929681333241e-01 1.891264659396551e-01 0.000000000000000e+00
8.941528540268512e-01 2.161990489858259e-01 0.000000000000000e+00
7.917271811543408e-01 7.839955821479740e-02 0.000000000000000e+00
8.077718572886735e-01 4.938835584141293e-02 0.000000000000000e+00
8.302328506116903e-01 7.236645301586433e-02 0.000000000000000e+00
9.711069107068461e-01 2.864355994237399e-01 0.000000000000000e+00
9.575707170386314e-01 3.137804661519505e-01 0.000000000000000e+00
9.169339237689301e-01 2.236022253964885e-02 0.000000000000000e+00
8.937923298362538e-01 3.743756060686003e-02 0.000000000000000e+00
9.673892838179714e-01 2.542355710796803e-01 0.000000000000000e+00
9.785388662320110e-01 2.238615796876852e-01 0.000000000000000e+00
9.463869844965773e-01 2.767998953315228e-02 0.000000000000000e+00
9.232560920103430e-01 4.704723219636432e-02 0.000000000000000e+00
8.074213644050224e-01 2.557913742566832e-01 0.000000000000000e+00
8.505106795892458e-01 2.775755157007470e-01 0.000000000000000e+00
8.188042739059485e-01 2.984148326555626e-01 0.000000000000000e+00
9.467010257565741e-01 3.730885704661804e-01 0.000000000000000e+00
9.284648950561742e-01 4.025801785834839e-01 0.000000000000000e+00
7.554919884941901e-01 4.548826085297081e-01 0.000000000000000e+00
7.061794220059717e-01 4.668330499135546e-01 0.000000000000000e+00
7.190928046386157e-01 4.329890210315323e-01 0.000000000000000e+00
5.959325033995729e-01 1.857078813036899e-01 0.000000000000000e+00
5.926405048813197e-01 2.246719011896029e-01 0.000000000000000e+00
5.615591623473367e-01 2.020739414573548e-01 0.000000000000000e+00
8.859316120457154e-01 5.406353437670294e-01 0.000000000000000e+00
9.152452474323773e-01 5.694214919309367e-01 0.000000000000000e+00
8.737055362090671e-01 5.792774160764909e-01 0.000000000000000e+00
9.764136443073012e-01 6.404197720061445e-01 0.000000000000000e+00
2.532187702549560e-01 1.906994735787235e-01 0.000000000000000e+00
6.415924380488225e-01 4.066417378378601e-01 0.000000000000000e+00
6.713675731833595e-01 3.892035675594245e-01 0.000000000000000e+00
6.761203220302887e-01 4.309572892292018e-01 0.000000000000000e+00
8.112575066515337e-01 3.389293447993903e-01 0.000000000000000e+00
7.692027982392113e-01 3.436109450112228e-01 0.000000000000000e+00
7.753663724678623e-01 3.013189549342613e-01 0.000000000000000e+00
5.534856516664635e-01 5.127858752166315e-01 0.000000000000000e+00
6.974507225378840e-01 2.240849444915613e-01 0.000000000000000e+00
7.053474917868410e-01 1.851209511827691e-01 0.000000000000000e+00
7.341983055147118e-01 2.211144748372346e-01 0.000000000000000e+00
8.724493744196080e-01 3.910704124626115e-01 0.000000000000000e+00
8.490188057532102e-01 3.536790661603813e-01 0.000000000000000e+00
8.822001959521486e-01 3.426574977714341e-01 0.000000000000000e+00
8.978974735648473e-01 4.623948679495402e-01 0.000000000000000e+00
8.684659897018931e-01 4.799484775150786e-01 0.000000000000000e+00
8.558111460769849e-01 4.445642378988751e-01 0.000000000000000e+00
7.577252544475997e-01 2.564063319049447e-01 0.000000000000000e+00
7.762484472955603e-01 2.172068764343133e-01 0.000000000000000e+00
8.235234669543043e-01 4.129576309900880e-01 0.000000000000000e+00
7.858802371324580e-01 3.824254092947694e-01 0.000000000000000e+00
8.284258781822229e-01 3.758123727414480e-01 0.000000000000000e+00
9.715457878282281e-01 7.399424404240560e-01 0.000000000000000e+00
9.800406505588508e-01 7.733576747063501e-01 0.000000000000000e+00
9.532991547445503e-01 7.723178230790323e-01 0.000000000000000e+00
2.150964559024349e-01 1.618698496223452e-01 0.000000000000000e+00
4.598569183453160e-01 1.695665698231391e-01 0.000000000000000e+00
4.273097498560163e-01 1.468494326421764e-01 0.000000000000000e+00
4.598818235592810e-01 1.327722151339582e-01 0.000000000000000e+00
4.568669699942078e-01 2.818691667140036e-01 0.000000000000000e+00
4.441838637521885e-01 3.172039647278687e-01 0.000000000000000e+00
7.558153402333218e-01 6.778729115765516e-01 0.000000000000000e+00
7.334996854154363e-01 6.936057296917439e-01 0.000000000000000e+00
9.607502218429070e-01 4.761378622867277e-01 0.000000000000000e+00
9.767642004603683e-01 4.480072540510189e-01 0.000000000000000e+00
5.234875590343115e-01 2.197201243788116e-01 0.000000000000000e+00
5.332844041734353e-01 1.751736170137340e-01 0.000000000000000e+00
5.562585611387528e-01 2.463803716141825e-01 0.000000000000000e+00
6.079373372490086e-01 2.864510293458075e-01 0.000000000000000e+00
5.879458121225296e-01 3.177797151567272e-01 0.000000000000000e+00
5.719192049588976e-01 2.836912514969469e-01 0.000000000000000e+00
7.395340691131802e-01 3.713410424271557e-01 0.000000000000000e+00
7.000384015401501e-01 3.625538199911183e-01 0.000000000000000e+00
7.281574997380682e-01 3.254921348937144e-01 0.000000000000000e+00
6.806397908787543e-01 3.269473837620800e-01 0.000000000000000e+00
6.666856703729036e-01 3.570195695442958e-01 0.000000000000000e+00
7.705870250498287e-01 6.094217185721377e-01 0.000000000000000e+00
7.965562420322854e-01 6.386849593377646e-01 0.000000000000000e+00
6.355719612206615e-01 5.248248987934968e-01 0.000000000000000e+00
6.693388576941589e-01 5.343520891800519e-01 0.000000000000000e+00
6.433152450144290e-01 5.589227671089622e-01 0.000000000000000e+00
5.203372746255799e-01 9.299954758879124e-02 0.000000000000000e+00
4.985223176560691e-01 1.428789396888013e-01 0.000000000000000e+00
4.784640626206386e-01 1.000978650371308e-01 0.000000000000000e+00
8.259922741855007e-01 6.249123555305867e-01 0.000000000000000e+00
8.635880896184571e-01 6.248167027605984e-01 0.000000000000000e+00
8.319055457177583e-01 6.624876074833581e-01 0.000000000000000e+00
8.575642609705997e-01 5.112908036482451e-01 0.000000000000000e+00
4.755584405569962e-01 2.403552390726033e-02 0.000000000000000e+00
7.356558513177950e-01 2.863782895042875e-01 0.000000000000000e+00
9.313945448848450e-01 2.033874328996292e-01 0.000000000000000e+00
9.284576206703162e-01 2.414504680444852e-01 0.000000000000000e+00
5.917116428115955e-01 2.578455093900228e-01 0.000000000000000e+00
6.298026058299986e-01 2.480329933035744e-01 0.000000000000000e+00
6.979732922531618e-01 2.900886329867998e-01 0.000000000000000e+00
5.306652603247241e-01 4.680517575160559e-01 0.000000000000000e+00
5.523939460048295e-01 3.803263399006783e-01 0.000000000000000e+00
5.248702335136797e-01 3.445657577299684e-01 0.000000000000000e+00
5.700500533433031e-01 3.509560588118787e-01 0.000000000000000e+00
8.191388920076278e-01 1.173392022373613e-01 0.000000000000000e+00
8.603563530560967e-01 1.426266944455793e-01 0.000000000000000e+00
8.245188435576907e-01 1.635757039574718e-01 0.000000000000000e+00
6.937556470788352e-01 1.399701215090990e-01 0.000000000000000e+00
6.691631703822071e-01 1.704382510898172e-01 0.000000000000000e+00
6.504729203431403e-01 1.368492089067550e-01 0.000000000000000e+00
8.188736545471281e-01 2.063933258674447e-01 0.000000000000000e+00
9.739622523310303e-01 8.016521000919328e-01 0.000000000000000e+00
2.829725485821580e-01 2.277779985263182e-01 0.000000000000000e+00
8.139589838329470e-01 6.992325128877596e-01 0.000000000000000e+00
2.971012073806437e-01 2.024674540976488e-02 0.000000000000000e+00
8.743324843298756e-01 6.669318798529670e-01 0.000000000000000e+00
8.890574795796420e-01 6.959958827125962e-01 0.000000000000000e+00
8.990413463301931e-01 6.413819758879931e-01 0.000000000000000e+00
8.494654464160782e-01 3.184589735867311e-01 0.000000000000000e+00
9.758871185747563e-01 3.343938267261768e-01 0.000000000000000e+00
6.883848633572072e-01 1.975310495669669e-02 0.000000000000000e+00
6.612404248769395e-01 3.322986114933507e-02 0.000000000000000e+00
8.043764135186886e-01 6.071397987507933e-01 0.000000000000000e+00
8.323282775214711e-01 4.831748137025241e-01 0.000000000000000e+00
5.528766533686063e-01 1.272908960342451e-01 0.000000000000000e+00
3.855677542718538e-01 1.715593752994619e-01 0.000000000000000e+00
3.954373991873292e-01 1.221611795457383e-01 0.000000000000000e+00
9.050435606129774e-01 6.074416823507492e-01 0.000000000000000e+00
5.184969619280667e-01 2.615973742715550e-01 0.000000000000000e+00
5.683111527781287e-01 1.653237239368633e-01 0.000000000000000e+00
7.092958670955768e-01 3.995641632482897e-01 0.000000000000000e+00
7.839426953465656e-01 4.239366685635019e-01 0.000000000000000e+00
4.811082192688727e-01 2.420270745988302e-01 0.000000000000000e+00
4.907429032556240e-01 2.806056727237509e-01 0.000000000000000e+00
4.904528603439093e-01 3.597361808579980e-01 0.000000000000000e+00
7.362490279823573e-01 4.999100439295918e-01 0.000000000000000e+00
6.913276143602238e-01 5.038371123582867e-01 0.000000000000000e+00
5.634635784316600e-01 8.178856849376169e-02 0.000000000000000e+00
6.309439337358032e-01 3.171232773670950e-02 0.000000000000000e+00
8.070904121694432e-01 4.519297523578835e-01 0.000000000000000e+00
8.980812654749346e-01 4.301185361535503e-01 0.000000000000000e+00
7.884666805555886e-01 1.789372656486108e-01 0.000000000000000e+00
7.669998603378363e-01 1.549545520078489e-01 0.000000000000000e+00
7.936589198126256e-01 1.460622239560884e-01 0.000000000000000e+00
8.329761996819012e-01 3.736624823949453e-02 0.000000000000000e+00
8.630304952908218e-01 5.711966549562492e-02 0.000000000000000e+00
9.381775133795263e-01 1.408264493366004e-01 0.000000000000000e+00
8.999576801945329e-01 1.214550630557681e-01 0.000000000000000e+00
9.373747096093971e-01 1.027774773157212e-01 0.000000000000000e+00
2.346892522380378e-01 8.149071591703809e-02 0.000000000000000e+00
2.244740038164753e-01 1.212721994921513e-01 0.000000000000000e+00
9.162053124289289e-01 7.732042555490748e-01 0.000000000000000e+00
8.784968975980543e-01 7.771956675453985e-01 0.000000000000000e+00
6.221440880082925e-01 2.083823043262331e-01 0.000000000000000e+00
7.163208756423113e-01 2.551809812026340e-01 0.000000000000000e+00
7.499740316388566e-01 1.847430930822859e-01 0.000000000000000e+00
7.695622337828041e-01 1.171001286875857e-01 0.000000000000000e+00
3.748716768453542e-01 2.789371022187623e-01 0.000000000000000e+00
5.056912571335821e-01 2.496331318693769e-02 0.000000000000000e+00
9.624947510982419e-01 4.213426832477363e-01 0.000000000000000e+00
5.489657321543394e-01 4.192916097034513e-01 0.000000000000000e+00
2.489666208364716e-01 1.495585553267458e-01 0.000000000000000e+00
3.223867796815145e-01 2.133748998129235e-01 0.000000000000000e+00
3.543609598551429e-01 2.023879109413241e-01 0.000000000000000e+00
8.609759012902999e-01 9.878220458524779e-02 0.000000000000000e+00
9.419813724583977e-01 1.720216460764179e-01 0.000000000000000e+00
9.684397833889902e-01 1.942567804899439e-01 0.000000000000000e+00
9.557834018388769e-01 2.237323474984829e-01 0.000000000000000e+00
7.159932009606920e-01 3.581951779678098e-02 0.000000000000000e+00
4.309942257056456e-01 3.829369163362816e-01 0.000000000000000e+00
3.602288333657006e-01 3.007972917893505e-02 0.000000000000000e+00
9.798233591791092e-01 7.078783766534633e-01 0.000000000000000e+00
9.096618080626075e-01 6.710634209482903e-01 0.000000000000000e+00
6.042881732119647e-01 6.512020817429731e-02 0.000000000000000e+00
5.965873216128299e-01 2.760194487207974e-02 0.000000000000000e+00
5.821172190859765e-01 4.514644833547977e-01 0.000000000000000e+00
8.623555890043000e-01 2.199632839630754e-02 0.000000000000000e+00
3.540793730634437e-01 2.437704982116352e-01 0.000000000000000e+00
3.130343161241071e-01 2.508671111383284e-01 0.000000000000000e+00
7.124594018746877e-01 5.823664956301594e-01 0.000000000000000e+00
9.298479109172803e-01 8.345325556689558e-01 0.000000000000000e+00
6.812654423071265e-01 5.709547745567477e-01 0.000000000000000e+00
3.964996400336808e-01 2.490662767346934e-01 0.000000000000000e+00
4.560931997865605e-01 3.523246719401059e-01 0.000000000000000e+00
1.883767554965414e-01 2.733657508930500e-02 0.000000000000000e+00
9.335028992708260e-01 7.395049664054701e-01 0.000000000000000e+00
7.534104594020486e-01 7.620075021907800e-02 0.000000000000000e+00
4.501279359134057e-01 4.162798634409130e-01 0.000000000000000e+00
9.445287749592910e-01 5.025309377247779e-01 0.000000000000000e+00
9.021020148920644e-01 5.004759953799895e-01 0.000000000000000e+00
9.292246006032057e-01 4.772786685944754e-01 0.000000000000000e+00
4.900571403682908e-01 5.732620781778801e-02 0.000000000000000e+00
5.727748197783606e-01 4.922814974217217e-02 0.000000000000000e+00
6.476856137475675e-01 6.432195222454493e-02 0.000000000000000e+00
9.698903634512471e-01 1.567180834881539e-01 0.000000000000000e+00
7.404521023027342e-01 4.864111085812931e-02 0.000000000000000e+00
9.533673209329018e-01 7.079535950731596e-01 0.000000000000000e+00
2.692121609387125e-01 6.739833142749056e-02 0.000000000000000e+00
3.336552540063065e-01 9.980815590077111e-02 0.000000000000000e+00
3.723489154164755e-01 5.942400305860430e-02 0.000000000000000e+00
9.754003140983588e-01 5.010637683362660e-01 0.000000000000000e+00
7.148258586455035e-01 7.083575573700948e-02 0.000000000000000e+00
9.446050025820055e-01 4.887318671793716e-02 0.000000000000000e+00
9.482474599209672e-01 3.453725161074956e-01 0.000000000000000e+00
9.373402298210602e-01 4.457353925647527e-01 0.000000000000000e+00
9.692034555849907e-01 1.214610336766755e-01 0.000000000000000e+00
9.025897460039702e-01 7.622947761339387e-02 0.000000000000000e+00
6.779855280935885e-01 9.713256039186315e-02 0.000000000000000e+00
4.580862795306758e-01 7.191077992773366e-02 0.000000000000000e+00
4.358128576135567e-01 1.028579677541789e-01 0.000000000000000e+00
4.130845907432350e-01 2.126710169521618e-01 0.000000000000000e+00
4.355175740812198e-01 2.489970817708725e-01 0.000000000000000e+00
9.195008347361374e-01 7.048172911298262e-01 0.000000000000000e+00
7.139380073142332e-01 5.422271745245613e-01 0.000000000000000e+00
7.634176404862120e-01 5.382626137824070e-01 0.000000000000000e+00
7.471744689714241e-01 5.763077348652513e-01 0.000000000000000e+00
9.033035690044604e-01 1.696574155660525e-01 0.000000000000000e+00
7.229997009705426e-01 1.087724254784803e-01 0.000000000000000e+00
7.333374358993063e-01 1.479300486646738e-01 0.000000000000000e+00
6.838458394920230e-01 5.280622725430972e-02 0.000000000000000e+00
7.896116229593193e-01 6.740191292419153e-01 0.000000000000000e+00
4.824943382275821e-01 3.195234826699490e-01 0.000000000000000e+00
2.089958940519006e-01 5.408740161008140e-02 0.000000000000000e+00
8.910992241031842e-01 7.341036531681371e-01 0.000000000000000e+00
9.406342863719738e-01 8.050453506627770e-01 0.000000000000000e+00
9.205314756693148e-01 3.243947341540150e-01 0.000000000000000e+00
9.155791505184632e-01 3.632645345100725e-01 0.000000000000000e+00
8.897067587442499e-01 2.591986042596501e-01 0.000000000000000e+00
9.320347747549953e-01 2.837644156728983e-01 0.000000000000000e+00
8.884425968320677e-01 3.023510161059180e-01 0.000000000000000e+00
3.537567388881777e-01 1.307235225301645e-01 0.000000000000000e+00
3.649855407147169e-01 9.321235687277719e-02 0.000000000000000e+00
3.991554880120889e-01 7.863838430454270e-02 0.000000000000000e+00
6.424174983470504e-01 3.360368213559350e-01 0.000000000000000e+00
6.368937779433237e-01 3.738191297534968e-01 0.000000000000000e+00
6.087364818973011e-01 3.487679196180757e-01 0.000000000000000e+00
7.496220320678664e-01 4.103402392513060e-01 0.000000000000000e+00
7.943504571833260e-01 5.708517331759559e-01 0.000000000000000e+00
4.273017461587610e-01 1.821792882965820e-01 0.000000000000000e+00
4.512465058725758e-01 2.086397460416063e-01 0.000000000000000e+00
4.910453099793110e-01 1.945432713877918e-01 0.000000000000000e+00
6.193709606511144e-01 3.166059773066734e-01 0.000000000000000e+00
6.510035981169925e-01 2.920727548068523e-01 0.000000000000000e+00
6.749218277827148e-01 2.530132134909763e-01 0.000000000000000e+00
5.957407889764857e-01 3.974098153237429e-01 0.000000000000000e+00
3.822413141665894e-01 2.163120850368845e-01 0.000000000000000e+00
6.621378857183419e-01 2.088145583921895e-01 0.000000000000000e+00
8.335350800403142e-01 5.914327093204190e-01 0.000000000000000e+00
2.930480359958708e-01 1.913383710392013e-01 0.000000000000000e+00
6.320070291108978e-01 1.750034427436532e-01 0.000000000000000e+00
6.541402936320698e-01 5.045695220038035e-01 0.000000000000000e+00
755
191 90 378 0
378 90 320 0
378 320 319 0
222 361 264 0
264 361 203 0
28 95 27 0
27 95 137 0
348 84 85 0
348 316 83 0
241 14 15 0
241 331 13 0
62 93 61 0
93 98 92 0
153 163 257 0
163 42 166 0
412 242 304 0
242 412 243 0
401 399 400 0
401 290 193 0
125 124 48 0
125 329 123 0
117 110 71 0
110 116 404 0
96 93 62 0
93 96 98 0
28 94 95 0
173 182 174 0
182 173 316 0
343 368 147 0
343 22 229 0
292 340 391 0
292 79 80 0
16 372 15 0
372 360 240 0
69 342 112 0
342 371 113 0
265 118 72 0
265 330 363 0
230 24 283 0
24 230 23 0
89 4 377 0
4 89 3 0
186 191 187 0
186 86 190 0
149 206 146 0
206 20 147 0
68 286 67 0
286 111 103 0
65 102 356 0
102 101 394 0
185 291 375 0
291 11 171 0
122 75 120 0
75 122 74 0
158 16 17 0
158 360 372 0
373 367 358 0
367 132 174 0
145 368 384 0
368 145 147 0
92 58 60 0
92 98 57 0
94 28 29 0
337 366 338 0
366 337 318 0
267 339 268 0
268 339 188 0
394 100 356 0
100 104 97 0
391 293 292 0
293 391 365 0
374 190 88 0
204 157 159 0
157 361 360 0
418 325 421 0
325 201 200 0
175 345 176 0
345 175 309 0
359 129 172 0
359 47 341 0
288 395 141 0
395 288 384 0
271 266 250 0
266 271 326 0
220 219 290 0
219 228 211 0
83 84 348 0
83 173 82 0
281 280 421 0
280 216 418 0
264 152 295 0
381 380 260 0
380 118 363 0
382 417 297 0
382 411 383 0
126 128 247 0
126 274 127 0
315 278 313 0
278 315 276 0
223 312 221 0
223 226 218 0
302 209 249 0
302 199 210 0
311 226 223 0
151 386 164 0
386 151 409 0
171 195 375 0
195 196 398 0
383 411 304 0
354 417 382 0
415 326 271 0
414 245 270 0
234 298 381 0
234 410 297 0
204 156 299 0
156 148 149 0
413 245 414 0
245 413 246 0
294 409 419 0
409 294 253 0
334 335 349 0
334 420 107 0
215 418 216 0
215 326 415 0
143 140 139 0
143 37 144 0
252 209 406 0
209 252 249 0
387 351 385 0
387 253 161 0
130 273 332 0
130 306 274 0
250 249 251 0
250 212 248 0
134 352 133 0
134 34 135 0
255 422 256 0
255 166 165 0
39 239 38 0
239 238 144 0
322 333 232 0
333 108 207 0
309 364 345 0
364 120 346 0
341 355 129 0
341 48 124 0
308 256 422 0
256 308 385 0
208 406 209 0
208 170 416 0
155 40 153 0
155 160 39 0
194 213 192 0
213 194 211 0
177 176 281 0
176 345 365 0
247 246 126 0
247 269 245 0
362 221 376 0
221 362 361 0
172 131 272 0
172 46 359 0
191 374 90 0
320 377 318 0
202 301 200 0
301 296 177 0
363 260 380 0
260 363 258 0
127 305 300 0
127 274 393 0
404 403 371 0
404 381 298 0
119 350 349 0
119 50 51 0
398 196 218 0
398 397 375 0
392 254 263 0
392 238 162 0
275 407 416 0
275 274 126 0
153 257 353 0
41 42 163 0
303 311 197 0
311 303 226 0
162 238 160 0
162 254 392 0
324 142 395 0
324 136 135 0
268 400 399 0
400 184 185 0
214 44 272 0
44 214 43 0
106 105 322 0
106 55 104 0
165 167 347 0
165 422 255 0
124 123 237 0
123 354 383 0
113 371 403 0
113 112 342 0
369 321 101 0
369 115 114 0
357 384 368 0
357 323 395 0
317 378 336 0
154 353 351 0
353 256 385 0
307 164 386 0
307 198 197 0
420 207 108 0
207 420 284 0
136 396 352 0
396 283 138 0
181 183 276 0
181 358 174 0
35 135 34 0
136 352 134 0
289 299 146 0
299 289 262 0
319 318 388 0
388 337 267 0
328 314 390 0
314 313 327 0
304 300 305 0
300 304 242 0
332 347 272 0
332 273 416 0
205 299 262 0
299 205 204 0
279 379 389 0
379 279 281 0
201 270 269 0
270 415 414 0
218 220 398 0
218 228 219 0
109 370 402 0
109 108 114 0
394 356 102 0
105 104 100 0
390 389 328 0
389 373 358 0
395 323 324 0
395 142 141 0
225 313 282 0
225 224 217 0
180 268 399 0
180 179 388 0
258 309 296 0
296 175 177 0
349 354 329 0
349 335 417 0
114 322 321 0
322 232 106 0
193 178 399 0
178 193 192 0
198 169 210 0
169 422 165 0
358 328 389 0
340 132 367 0
344 288 287 0
368 229 357 0
287 263 262 0
263 287 141 0
297 402 298 0
402 370 403 0
254 261 263 0
261 419 262 0
278 277 179 0
277 336 319 0
260 259 235 0
259 243 412 0
276 183 336 0
183 182 316 0
227 408 248 0
408 197 199 0
161 351 387 0
161 160 155 0
379 391 373 0
365 345 310 0
178 282 179 0
282 313 278 0
124 237 355 0
237 236 393 0
274 273 130 0
274 306 393 0
414 271 251 0
266 326 224 0
236 305 393 0
300 128 127 0
376 331 241 0
331 376 196 0
141 285 263 0
144 238 392 0
89 320 90 0
259 412 233 0
412 411 233 0
284 420 334 0
335 297 417 0
115 111 113 0
114 321 369 0
347 416 170 0
272 131 332 0
213 224 192 0
213 212 250 0
251 252 405 0
249 248 302 0
409 253 387 0
419 261 294 0
385 351 353 0
422 169 308 0
200 421 325 0
421 200 177 0
416 273 275 0
416 407 406 0
218 312 223 0
228 227 211 0
119 349 329 0
123 383 236 0
177 281 421 0
216 279 390 0
266 224 213 0
212 227 248 0
418 421 280 0
418 415 270 0
298 403 404 0
381 235 234 0
411 382 410 0
233 410 234 0
164 197 311 0
386 385 307 0
408 302 248 0
199 198 210 0
197 408 303 0
164 295 152 0
205 419 150 0
159 148 156 0
158 157 360 0
360 362 240 0
327 313 225 0
327 390 314 0
188 184 400 0
339 267 338 0
220 290 401 0
195 398 375 0
244 269 247 0
244 202 201 0
139 142 324 0
323 231 396 0
278 179 282 0
276 336 277 0
403 298 402 0
110 404 371 0
409 387 386 0
257 256 353 0
295 223 222 0
312 196 376 0
406 405 252 0
407 246 413 0
150 419 409 0
150 203 205 0
207 232 333 0
108 107 420 0
393 305 127 0
275 126 246 0
407 413 405 0
414 251 405 0
364 121 120 0
121 363 330 0
220 401 397 0
290 194 193 0
101 103 369 0
321 105 394 0
388 179 277 0
388 267 180 0
379 373 389 0
328 315 314 0
243 296 301 0
233 235 259 0
416 347 332 0
246 407 275 0
140 142 139 0
344 384 288 0
287 289 344 0
262 419 205 0
201 269 244 0
270 325 418 0
253 162 161 0
263 285 392 0
217 327 225 0
415 418 215 0
319 388 277 0
109 402 107 0
349 417 354 0
416 406 208 0
165 347 170 0
198 308 169 0
197 164 307 0
217 326 215 0
216 390 327 0
415 271 414 0
405 413 414 0
412 304 411 0
411 410 233 0
393 355 237 0
355 306 129 0
227 303 408 0
219 211 290 0
116 118 380 0
297 410 382 0
225 282 192 0
401 193 399 0
243 301 202 0
379 176 365 0
164 311 295 0
264 203 150 0
150 409 151 0
308 307 385 0
210 170 208 0
408 199 302 0
128 300 244 0
405 406 407 0
116 381 404 0
113 403 370 0
107 402 297 0
260 235 381 0
401 400 397 0
397 185 375 0
400 185 397 0
188 400 268 0
189 188 339 0
180 399 178 0
220 397 398 0
138 352 396 0
396 136 323 0
396 231 283 0
395 384 357 0
99 356 100 0
105 100 394 0
321 394 101 0
333 114 108 0
355 393 306 0
304 236 383 0
284 334 350 0
107 297 335 0
144 392 285 0
254 294 261 0
379 365 391 0
391 340 373 0
389 390 279 0
378 317 187 0
181 276 328 0
121 258 363 0
259 296 243 0
377 366 318 0
388 318 337 0
385 386 387 0
222 221 361 0
203 157 204 0
231 323 357 0
145 384 344 0
159 156 204 0
157 203 361 0
121 364 309 0
121 309 258 0
382 383 354 0
111 115 369 0
109 115 370 0
312 376 221 0
376 240 362 0
191 190 374 0
378 319 336 0
116 380 381 0
176 379 281 0
293 310 78 0
284 350 51 0
51 350 119 0
144 38 239 0
160 239 39 0
348 317 316 0
187 191 378 0
366 377 5 0
366 5 6 0
21 22 343 0
103 67 286 0
112 286 68 0
1 91 87 0
91 2 88 0
188 189 8 0
189 338 7 0
174 81 82 0
81 174 132 0
117 72 118 0
18 148 17 0
377 4 5 0
320 89 377 0
376 241 240 0
120 76 346 0
76 120 75 0
77 310 346 0
168 171 12 0
171 375 291 0
85 187 348 0
3 88 2 0
87 190 86 0
88 90 374 0
340 367 373 0
340 80 132 0
184 9 10 0
158 372 16 0
372 240 15 0
330 74 122 0
73 330 265 0
110 371 342 0
19 20 206 0
147 146 206 0
146 145 344 0
113 370 115 0
342 69 70 0
96 63 99 0
137 133 138 0
133 137 95 0
111 369 103 0
103 66 67 0
343 229 368 0
66 102 65 0
356 99 64 0
283 24 25 0
283 231 230 0
174 182 181 0
83 316 173 0
367 174 358 0
338 366 6 0
310 293 365 0
10 11 291 0
77 346 76 0
346 345 364 0
168 13 331 0
168 195 171 0
18 19 149 0
265 363 118 0
73 74 330 0
360 361 362 0
43 166 42 0
257 166 255 0
359 341 129 0
46 47 359 0
328 358 181 0
6 7 338 0
68 69 112 0
231 357 229 0
64 65 356 0
99 97 96 0
124 355 341 0
329 354 123 0
353 154 153 0
56 104 55 0
33 34 134 0
138 133 352 0
154 351 161 0
161 155 154 0
334 349 350 0
57 58 92 0
98 97 56 0
27 137 26 0
317 348 187 0
45 272 44 0
167 272 347 0
78 79 292 0
345 346 310 0
140 285 141 0
144 37 38 0
146 344 289 0
343 147 21 0
117 116 110 0
70 110 342 0
232 53 54 0
53 232 207 0
139 36 143 0
324 135 139 0
88 3 89 0
71 72 117 0
230 229 23 0
13 14 241 0
47 48 341 0
163 166 257 0
292 80 340 0
9 188 8 0
22 23 229 0
338 189 339 0
337 338 267 0
317 336 183 0
334 107 335 0
39 40 155 0
35 36 139 0
114 333 322 0
56 57 98 0
26 138 25 0
170 210 169 0
214 272 167 0
130 332 131 0
196 168 331 0
330 122 121 0
40 41 153 0
119 329 125 0
328 276 315 0
216 327 217 0
217 224 326 0
270 201 325 0
323 136 324 0
105 321 322 0
52 207 284 0
318 319 320 0
183 316 317 0
313 314 315 0
196 312 218 0
223 295 311 0
78 310 77 0
175 296 309 0
307 308 198 0
166 43 214 0
130 129 306 0
236 304 305 0
244 247 128 0
227 226 303 0
210 209 302 0
177 200 301 0
242 244 300 0
156 146 299 0
297 298 234 0
259 258 296 0
264 295 222 0
254 253 294 0
280 279 216 0
78 292 293 0
10 291 185 0
290 211 194 0
211 227 212 0
287 262 289 0
141 287 288 0
112 111 286 0
285 140 144 0
51 52 284 0
25 138 283 0
97 104 56 0
54 55 106 0
192 282 178 0
279 280 281 0
276 277 278 0
273 274 275 0
272 45 172 0
250 251 271 0
245 269 270 0
180 267 268 0
213 250 266 0
72 73 265 0
150 152 264 0
261 262 263 0
258 259 260 0
255 256 257 0
253 254 162 0
251 249 252 0
248 249 250 0
245 246 247 0
242 202 244 0
202 242 243 0
125 48 49 0
15 240 241 0
226 228 218 0
160 238 239 0
236 237 123 0
233 234 235 0
106 232 54 0
229 230 231 0
226 227 228 0
192 224 225 0
190 87 91 0
221 222 223 0
218 219 220 0
215 216 217 0
166 214 167 0
211 212 213 0
208 209 210 0
52 53 207 0
19 206 149 0
203 204 205 0
200 201 202 0
119 125 49 0
197 198 199 0
172 129 131 0
195 168 196 0
88 190 91 0
192 193 194 0
85 86 186 0
186 190 191 0
189 7 8 0
184 188 9 0
186 187 85 0
184 10 185 0
181 182 183 0
178 179 180 0
175 176 177 0
173 174 82 0
45 46 172 0
171 11 12 0
169 165 170 0
12 13 168 0
165 166 167 0
151 164 152 0
159 17 148 0
41 163 153 0
17 159 158 0
160 161 162 0
157 158 159 0
146 156 149 0
153 154 155 0
150 151 152 0
148 18 149 0
21 147 20 0
145 146 147 0
143 144 140 0
36 37 143 0
140 141 142 0
139 135 35 0
137 138 26 0
134 135 136 0
133 33 134 0
33 95 32 0
95 33 133 0
132 80 81 0
129 130 131 0
126 127 128 0
123 124 125 0
120 121 122 0
119 49 50 0
116 117 118 0
109 114 115 0
111 112 113 0
71 110 70 0
107 108 109 0
104 105 106 0
101 66 103 0
66 101 102 0
99 63 64 0
97 99 100 0
97 98 96 0
96 62 63 0
32 94 31 0
94 32 95 0
94 29 31 0
92 61 93 0
92 60 61 0
1 2 91 0
31 29 30 0
60 58 59 0
88 89 90 0
